
22.4500 22.4486
22.4500 22.4480
22.4500 22.4480
22.4500 22.4481
22.4600 22.4495
22.4400 22.4491
22.4600 22.4499
22.4600 22.4508
22.4500 22.4511
22.4600 22.4520
22.4500 22.4522
22.4500 22.4522
22.4500 22.4521
22.4600 22.4524
22.4600 22.4526
21.9800 22.0500
21.9700 22.0400
21.9800 22.0311
21.9700 22.0230
21.9700 22.0158
21.9600 22.0089
21.9400 22.0015
21.9400 21.9949
21.9200 21.9875
21.9200 21.9794
21.9200 21.9715
21.9100 21.9635
21.9000 21.9551
21.8900 21.9473
21.8900 21.9397
21.8900 21.9333
21.8900 21.9268
21.8800 21.9207
21.8700 21.9149
21.8600 21.9087
21.8500 21.9032
21.8400 21.8968
21.8200 21.8897
21.8000 21.8804
21.7900 21.8705
21.7800 21.8598
21.7700 21.8488
21.7500 21.8377
21.7300 21.8254
21.7200 21.8136
21.7100 21.8015
21.7000 21.7893
21.7000 21.7782
21.6700 21.7665
21.6600 21.7555
21.6500 21.7443
21.6400 21.7328
21.6200 21.7203
21.6000 21.7071
21.5800 21.6932
21.5500 21.6778
21.5400 21.6622
21.5200 21.6456
21.5200 21.6300
21.5100 21.6151
21.5100 21.6012
21.5100 21.5885
21.5000 21.5765
21.5100 21.5669
21.5000 21.5585
21.4900 21.5505
21.4900 21.5435
21.4700 21.5359
21.4700 21.5280
21.4600 21.5208
21.4600 21.5135
21.4500 21.5054
21.4400 21.4964
21.4400 21.4878
21.4300 21.4792
21.4100 21.4700
21.4200 21.4630
21.4100 21.4559
21.4000 21.4496
21.3800 21.4425
21.3700 21.4354
21.3600 21.4277
21.3600 21.4199
21.3400 21.4115
21.3200 21.4014
21.3100 21.3912
21.3000 21.3809
21.2700 21.3686
21.2600 21.3570
21.2600 21.3455
21.2500 21.3341
21.2300 21.3219
21.2200 21.3103
21.2100 21.2991
21.2000 21.2875
21.1900 21.2760
21.1800 21.2655
21.1700 21.2542
21.1600 21.2431
21.1400 21.2314
21.1200 21.2195
21.1100 21.2076
21.0900 21.1946
21.0900 21.1812
21.0700 21.1676
21.0600 21.1547
21.0500 21.1418
21.0400 21.1289
21.0300 21.1173
21.0200 21.1059
21.0200 21.0948
21.0100 21.0840
21.0000 21.0741
20.9900 21.0645
20.9800 21.0551
20.9600 21.0448
20.9600 21.0349
20.9500 21.0246
20.9400 21.0142
20.9200 21.0028
20.9100 20.9917
20.8900 20.9803
20.8900 20.9691
20.8700 20.9577
20.8400 20.9444
20.8300 20.9315
20.8300 20.9194
20.8000 20.9060
20.7900 20.8928
20.7900 20.8806
20.7900 20.8693
20.7700 20.8572
20.7600 20.8456
20.7500 20.8345
20.7500 20.8242
20.7300 20.8134
20.7300 20.8038
20.7100 20.7934
20.6900 20.7822
20.6800 20.7705
20.6600 20.7582
20.6500 20.7455
20.6300 20.7324
20.6100 20.7175
20.6000 20.7028
20.5900 20.6895
20.5800 20.6762
20.5800 20.6632
20.5600 20.6512
20.5600 20.6405
20.5400 20.6290
20.5400 20.6180
20.5200 20.6073
20.5100 20.5966
20.5000 20.5861
20.4900 20.5748
20.4700 20.5634
20.4600 20.5510
20.4500 20.5387
20.4300 20.5260
20.4200 20.5129
20.4100 20.5002
20.3900 20.4868
20.3800 20.4739
20.3700 20.4618
20.3700 20.4505
20.3500 20.4389
20.3500 20.4283
20.3300 20.4167
20.3200 20.4059
20.3100 20.3946
20.3000 20.3839
20.2900 20.3725
20.2800 20.3618
20.2700 20.3510
20.2500 20.3395
20.2400 20.3277
20.2300 20.3163
20.2100 20.3039
20.1900 20.2906
20.1900 20.2785
20.1800 20.2664
20.1500 20.2531
20.1400 20.2405
20.1300 20.2279
20.1200 20.2154
20.1100 20.2024
20.0900 20.1896
20.0800 20.1765
20.0700 20.1643
20.0600 20.1521
20.0500 20.1401
20.0400 20.1284
20.0200 20.1161
20.0100 20.1036
20.0000 20.0912
19.9900 20.0794
19.9900 20.0680
19.9700 20.0560
19.9700 20.0452
19.9500 20.0345
19.9300 20.0225
19.9200 20.0101
19.9100 19.9986
19.8900 19.9864
19.8800 19.9740
19.8600 19.9610
19.8400 19.9473
19.8400 19.9345
19.8200 19.9212
19.8100 19.9078
19.8000 19.8946
19.7800 19.8812
19.7800 19.8685
19.7500 19.8555
19.7400 19.8428
19.7300 19.8302
19.7100 19.8170
19.7100 19.8039
19.6800 19.7903
19.6600 19.7754
19.6500 19.7608
19.6400 19.7465
19.6300 19.7323
19.6100 19.7175
19.6100 19.7040
19.6000 19.6908
19.5900 19.6784
19.5800 19.6670
19.5600 19.6545
19.5500 19.6426
19.5400 19.6307
19.5200 19.6180
19.5200 19.6065
19.5100 19.5944
19.4900 19.5825
19.4800 19.5704
19.4800 19.5587
19.4600 19.5469
19.4500 19.5342
19.4400 19.5226
19.4300 19.5117
19.4300 19.5015
19.4100 19.4910
19.3900 19.4798
19.3800 19.4692
19.3600 19.4572
19.3600 19.4454
19.3500 19.4335
19.3200 19.4205
19.3100 19.4080
19.3000 19.3954
19.2900 19.3827
19.2800 19.3707
19.2700 19.3584
19.2500 19.3455
19.2400 19.3335
19.2300 19.3217
19.2100 19.3089
19.2000 19.2966
19.1800 19.2838
19.1700 19.2708
19.1700 19.2585
19.1600 19.2459
19.1600 19.2345
19.1500 19.2238
19.1300 19.2127
19.1200 19.2023
19.1100 19.1912
19.1000 19.1799
19.0900 19.1696
19.0900 19.1600
19.0700 19.1498
19.0600 19.1395
19.0500 19.1289
19.0400 19.1179
19.0200 19.1065
19.0200 19.0955
19.0100 19.0844
19.0000 19.0740
18.9900 19.0639
18.9800 19.0545
18.9800 19.0459
18.9600 19.0362
18.9600 19.0271
18.9500 19.0175
18.9300 19.0073
18.9400 18.9988
18.9200 18.9898
18.9100 18.9807
18.9100 18.9723
18.9000 18.9636
18.8900 18.9543
18.8800 18.9455
18.8700 18.9365
18.8700 18.9281
18.8600 18.9195
18.8400 18.9111
18.8400 18.9025
18.8400 18.8946
18.8200 18.8861
18.8100 18.8774
18.8000 18.8688
18.7900 18.8595
18.7700 18.8498
18.7600 18.8395
18.7500 18.8292
18.7500 18.8200
18.7500 18.8104
18.7300 18.8009
18.7100 18.7912
18.7200 18.7823
18.7000 18.7726
18.6900 18.7630
18.6900 18.7544
18.6800 18.7459
18.6600 18.7363
18.6500 18.7266
18.6500 18.7182
18.6400 18.7089
18.6300 18.6988
18.6200 18.6892
18.6200 18.6802
18.6000 18.6707
18.5900 18.6612
18.5800 18.6520
18.5700 18.6429
18.5600 18.6337
18.5500 18.6239
18.5400 18.6135
18.5300 18.6038
18.5200 18.5946
18.5100 18.5842
18.5000 18.5744
18.4800 18.5640
18.4700 18.5530
18.4500 18.5413
18.4500 18.5308
18.4400 18.5205
18.4300 18.5096
18.4100 18.4984
18.3900 18.4865
18.3900 18.4753
18.3700 18.4627
18.3600 18.4507
18.3600 18.4395
18.3500 18.4286
18.3400 18.4180
18.3300 18.4077
18.3200 18.3975
18.3200 18.3880
18.3100 18.3784
18.3000 18.3688
18.2900 18.3594
18.2900 18.3505
18.2800 18.3422
18.2500 18.3323
18.2500 18.3234
18.2400 18.3135
18.2200 18.3024
18.2100 18.2910
18.2000 18.2801
18.2000 18.2703
18.1800 18.2593
18.1600 18.2483
18.1700 18.2387
18.1400 18.2275
18.1200 18.2157
18.1200 18.2046
18.1100 18.1938
18.1000 18.1833
18.1000 18.1729
18.0900 18.1629
18.0800 18.1532
18.0600 18.1429
18.0400 18.1313
18.0300 18.1193
18.0000 18.1071
17.9900 18.0940
17.9900 18.0812
17.9800 18.0692
17.9700 18.0573
17.9600 18.0455
17.9500 18.0332
17.9400 18.0215
17.9300 18.0106
17.9300 17.9995
17.9200 17.9898
17.9000 17.9806
17.8900 17.9711
17.8800 17.9615
17.8700 17.9516
17.8500 17.9401
17.8400 17.9280
17.8400 17.9162
17.8200 17.9041
17.8200 17.8931
17.8000 17.8815
17.7800 17.8705
17.7800 17.8602
17.7600 17.8486
17.7400 17.8365
17.7400 17.8253
17.7200 17.8135
17.7200 17.8023
17.7000 17.7907
17.6900 17.7794
17.6800 17.7674
17.6700 17.7553
17.6600 17.7439
17.6500 17.7326
17.6400 17.7216
17.6300 17.7107
17.6200 17.7004
17.6100 17.6902
17.6000 17.6794
17.6000 17.6695
17.5800 17.6585
17.5800 17.6485
17.5600 17.6386
17.5500 17.6279
17.5400 17.6175
17.5300 17.6076
17.5300 17.5976
17.5100 17.5876
17.5100 17.5776
17.5000 17.5683
17.4900 17.5589
17.4700 17.5489
17.4700 17.5395
17.4600 17.5299
17.4400 17.5198
17.4400 17.5103
17.4300 17.5009
17.4200 17.4915
17.4000 17.4814
17.4000 17.4718
17.3800 17.4609
17.3700 17.4505
17.3600 17.4395
17.3500 17.4290
17.3400 17.4186
17.3300 17.4085
17.3200 17.3983
17.3100 17.3876
17.2900 17.3771
17.2900 17.3665
17.2800 17.3559
17.2700 17.3455
17.2500 17.3352
17.2400 17.3243
17.2300 17.3134
17.2100 17.3023
17.2000 17.2905
17.1900 17.2785
17.1800 17.2665
17.1700 17.2552
17.1600 17.2434
17.1500 17.2323
17.1400 17.2214
17.1400 17.2111
17.1200 17.2005
17.1200 17.1906
17.1100 17.1811
17.1000 17.1715
17.0900 17.1620
17.0700 17.1525
17.0700 17.1426
17.0600 17.1325
17.0400 17.1215
17.0300 17.1109
17.0100 17.0995
17.0000 17.0876
17.0000 17.0768
16.9800 17.0654
16.9700 17.0541
16.9500 17.0423
16.9400 17.0305
16.9400 17.0195
16.9300 17.0088
16.9200 16.9985
16.9100 16.9877
16.9100 16.9785
16.9000 16.9691
16.8900 16.9597
16.8700 16.9498
16.8600 16.9396
16.8500 16.9297
16.8400 16.9191
16.8300 16.9082
16.8200 16.8977
16.8100 16.8870
16.8100 16.8773
16.7900 16.8670
16.7800 16.8561
16.7700 16.8457
16.7600 16.8353
16.7500 16.8255
16.7400 16.8161
16.7300 16.8063
16.7200 16.7965
16.7100 16.7866
16.7000 16.7768
16.6900 16.7664
16.6700 16.7552
16.6600 16.7438
16.6500 16.7329
16.6600 16.7234
16.6500 16.7140
16.6300 16.7043
16.6300 16.6954
16.6200 16.6865
16.6000 16.6770
16.5900 16.6667
16.5800 16.6569
16.5600 16.6463
16.5600 16.6361
16.5400 16.6253
16.5200 16.6137
16.5200 16.6025
16.5000 16.5905
16.4900 16.5783
16.4700 16.5656
16.4500 16.5525
16.4400 16.5394
16.4200 16.5264
16.4200 16.5143
16.4000 16.5019
16.3800 16.4880
16.3700 16.4743
16.3600 16.4612
16.3500 16.4477
16.3400 16.4345
16.3400 16.4225
16.3300 16.4111
16.3300 16.4005
16.3100 16.3904
16.3000 16.3796
16.3000 16.3699
16.2800 16.3600
16.2700 16.3491
16.2600 16.3386
16.2500 16.3278
16.2500 16.3177
16.2300 16.3074
16.2200 16.2967
16.2200 16.2871
16.2200 16.2773
16.2100 16.2681
16.2100 16.2604
16.2000 16.2531
16.2000 16.2465
16.1800 16.2395
16.1700 16.2325
16.1600 16.2246
16.1500 16.2165
16.1200 16.2060
16.1300 16.1969
16.1100 16.1871
16.0900 16.1756
16.0800 16.1645
16.0800 16.1538
16.0700 16.1433
16.0500 16.1324
16.0400 16.1213
16.0200 16.1105
16.0100 16.1000
16.0000 16.0892
15.9900 16.0780
15.9800 16.0671
15.9700 16.0559
15.9600 16.0446
15.9500 16.0330
15.9400 16.0220
15.9200 16.0103
15.9200 15.9990
15.8900 15.9865
15.8800 15.9753
15.8800 15.9634
15.8600 15.9514
15.8600 15.9405
15.8400 15.9291
15.8500 15.9184
15.8300 15.9071
15.8200 15.8965
15.8200 15.8865
15.8100 15.8774
15.8000 15.8683
15.7900 15.8594
15.7700 15.8497
15.7700 15.8406
15.7600 15.8312
15.7500 15.8214
15.7500 15.8121
15.7400 15.8026
15.7300 15.7937
15.7200 15.7840
15.7200 15.7762
15.7000 15.7677
15.7000 15.7592
15.6900 15.7514
15.6800 15.7430
15.6700 15.7353
15.6600 15.7264
15.6600 15.7184
15.6500 15.7104
15.6400 15.7017
15.6300 15.6930
15.6300 15.6849
15.6100 15.6762
15.6100 15.6686
15.6100 15.6612
15.6000 15.6539
15.5900 15.6466
15.5900 15.6395
15.5700 15.6318
15.5800 15.6252
15.5800 15.6192
15.5600 15.6119
15.5500 15.6053
15.5400 15.5980
15.5300 15.5904
15.5200 15.5824
15.5100 15.5743
15.5000 15.5659
15.4900 15.5568
15.4800 15.5477
15.4800 15.5393
15.4700 15.5309
15.4600 15.5222
15.4500 15.5141
15.4400 15.5057
15.4200 15.4965
15.4100 15.4872
15.3900 15.4773
15.3800 15.4666
15.3500 15.4553
15.3300 15.4419
15.3300 15.4283
15.3100 15.4145
15.3000 15.4006
15.2900 15.3871
15.2800 15.3740
15.2600 15.3607
15.2600 15.3485
15.2500 15.3369
15.2400 15.3258
15.2300 15.3152
15.2300 15.3050
15.2300 15.2956
15.2200 15.2865
15.2100 15.2774
15.2200 15.2691
15.2100 15.2613
15.2100 15.2537
15.2000 15.2465
15.2000 15.2396
15.2000 15.2342
15.1900 15.2289
15.1900 15.2234
15.1800 15.2181
15.1800 15.2130
15.1700 15.2075
15.1600 15.2015
15.1600 15.1966
15.1500 15.1909
15.1300 15.1842
15.1200 15.1774
15.1100 15.1704
15.1000 15.1626
15.0800 15.1535
15.0600 15.1438
15.0400 15.1335
15.0300 15.1220
15.0100 15.1099
15.0100 15.0980
14.9800 15.0854
15.0000 15.0745
14.9900 15.0636
14.9900 15.0543
14.9800 15.0453
14.9800 15.0375
14.9800 15.0303
14.9600 15.0227
14.9700 15.0166
14.9600 15.0100
14.9500 15.0030
14.9500 14.9967
14.9400 14.9900
14.9400 14.9831
14.9300 14.9756
14.9300 14.9685
14.9200 14.9615
14.9200 14.9555
14.9100 14.9495
14.9000 14.9438
14.8900 14.9375
14.8900 14.9332
14.8700 14.9263
14.8700 14.9200
14.8600 14.9132
14.8300 14.9050
14.8200 14.8961
14.8100 14.8864
14.8000 14.8771
14.7800 14.8660
14.7900 14.8564
14.7800 14.8471
14.7700 14.8377
14.7700 14.8295
14.7600 14.8213
14.7600 14.8139
14.7600 14.8071
14.7500 14.8005
14.7400 14.7937
14.7400 14.7877
14.7300 14.7815
14.7300 14.7755
14.7200 14.7685
14.7100 14.7618
14.7100 14.7545
14.7000 14.7467
14.7000 14.7405
14.6800 14.7334
14.6800 14.7267
14.6700 14.7199
14.6600 14.7136
14.6500 14.7063
14.6500 14.6995
14.6400 14.6928
14.6200 14.6850
14.6200 14.6778
14.6100 14.6702
14.6000 14.6619
14.6000 14.6543
14.5900 14.6469
14.5700 14.6385
14.5700 14.6308
14.5500 14.6219
14.5300 14.6123
14.5200 14.6025
14.4900 14.5908
14.5000 14.5800
14.4800 14.5681
14.4800 14.5575
14.4700 14.5466
14.4600 14.5361
14.4500 14.5258
14.4400 14.5158
14.4400 14.5062
14.4300 14.4969
14.4200 14.4885
14.4200 14.4805
14.4000 14.4720
14.4000 14.4640
14.4000 14.4559
14.3800 14.4466
14.3800 14.4384
14.3700 14.4292
14.3600 14.4203
14.3600 14.4124
14.3600 14.4050
14.3500 14.3988
14.3500 14.3921
14.3300 14.3855
14.3400 14.3794
14.3200 14.3725
14.3300 14.3669
14.3300 14.3618
14.3200 14.3568
14.3100 14.3514
14.3100 14.3464
14.3000 14.3412
14.2900 14.3351
14.2900 14.3299
14.2800 14.3240
14.2700 14.3174
14.2700 14.3118
14.2500 14.3051
14.2400 14.2980
14.2400 14.2915
14.2400 14.2849
14.2300 14.2778
14.2300 14.2717
14.2100 14.2647
14.1900 14.2577
14.1900 14.2502
14.1900 14.2438
14.1800 14.2363
14.1700 14.2284
14.1700 14.2213
14.1500 14.2136
14.1600 14.2067
14.1400 14.1992
14.1300 14.1915
14.1300 14.1837
14.1100 14.1755
14.1100 14.1677
14.0900 14.1590
14.0900 14.1514
14.0800 14.1435
14.0800 14.1357
14.0600 14.1268
14.0700 14.1192
14.0600 14.1110
14.0500 14.1035
14.0400 14.0967
14.0400 14.0903
14.0400 14.0838
14.0200 14.0767
14.0300 14.0710
14.0200 14.0646
14.0100 14.0588
14.0100 14.0522
14.0000 14.0460
13.9900 14.0395
13.9800 14.0324
13.9700 14.0254
13.9700 14.0183
13.9600 14.0117
13.9400 14.0039
13.9400 13.9965
13.9200 13.9879
13.9200 13.9805
13.9000 13.9711
13.8800 13.9612
13.8700 13.9513
13.8700 13.9420
13.8400 13.9311
13.8400 13.9204
13.8400 13.9112
13.8200 13.9005
13.8200 13.8905
13.8100 13.8812
13.8000 13.8715
13.8000 13.8626
13.8000 13.8547
13.8000 13.8476
13.7900 13.8410
13.7700 13.8333
13.7800 13.8265
13.7800 13.8205
13.7700 13.8139
13.7600 13.8075
13.7600 13.8007
13.7500 13.7943
13.7500 13.7885
13.7400 13.7826
13.7400 13.7765
13.7300 13.7712
13.7200 13.7652
13.7100 13.7585
13.7100 13.7529
13.7000 13.7467
13.6900 13.7403
13.6800 13.7339
13.6700 13.7271
13.6700 13.7203
13.6500 13.7122
13.6600 13.7054
13.6600 13.7000
13.6500 13.6938
13.6500 13.6879
13.6400 13.6824
13.6500 13.6782
13.6300 13.6729
13.6200 13.6675
13.6200 13.6622
13.6100 13.6566
13.6000 13.6502
13.6000 13.6441
13.5900 13.6377
13.5900 13.6318
13.5800 13.6250
13.5700 13.6181
13.5700 13.6118
13.5500 13.6049
13.5500 13.5986
13.5300 13.5912
13.5300 13.5852
13.5300 13.5787
13.5100 13.5711
13.5000 13.5635
13.5000 13.5561
13.4900 13.5485
13.4800 13.5398
13.4700 13.5317
13.4600 13.5238
13.4500 13.5154
13.4400 13.5069
13.4400 13.4993
13.4300 13.4911
13.4200 13.4831
13.4100 13.4745
13.4100 13.4665
13.4000 13.4586
13.4000 13.4508
13.3900 13.4436
13.3900 13.4366
13.3800 13.4304
13.3700 13.4235
13.3700 13.4166
13.3600 13.4102
13.3600 13.4042
13.3400 13.3968
13.3400 13.3899
13.3300 13.3828
13.3200 13.3755
13.3200 13.3685
13.3100 13.3615
13.3000 13.3544
13.3100 13.3480
13.2900 13.3411
13.2900 13.3349
13.2900 13.3295
13.2800 13.3236
13.2700 13.3178
13.2700 13.3121
13.2600 13.3065
13.2500 13.3000
13.2500 13.2941
13.2400 13.2881
13.2300 13.2813
13.2300 13.2750
13.2200 13.2680
13.2100 13.2614
13.2000 13.2543
13.2000 13.2476
13.1900 13.2410
13.1900 13.2345
13.1800 13.2283
13.1600 13.2215
13.1500 13.2135
13.1500 13.2065
13.1400 13.1989
13.1400 13.1914
13.1200 13.1834
13.1200 13.1760
13.1100 13.1682
13.1000 13.1604
13.0900 13.1525
13.0800 13.1441
13.0700 13.1356
13.0600 13.1272
13.0600 13.1189
13.0400 13.1102
13.0400 13.1020
13.0100 13.0925
13.0000 13.0824
12.9900 13.0720
12.9800 13.0610
12.9700 13.0498
12.9600 13.0395
12.9500 13.0294
12.9300 13.0183
12.9200 13.0073
12.9100 12.9957
12.9100 12.9855
12.8900 12.9742
12.9000 12.9645
12.9000 12.9559
12.8900 12.9478
12.8900 12.9405
12.8800 12.9335
12.8700 12.9263
12.8900 12.9202
12.8700 12.9140
12.8600 12.9070
12.8400 12.9004
12.8400 12.8937
12.8300 12.8864
12.8200 12.8784
12.8100 12.8700
12.8100 12.8617
12.8100 12.8539
12.7900 12.8462
12.7900 12.8392
12.7800 12.8325
12.7800 12.8258
12.7800 12.8205
12.7700 12.8148
12.7700 12.8095
12.7600 12.8044
12.7700 12.7998
12.7500 12.7947
12.7400 12.7895
12.7300 12.7823
12.7200 12.7750
12.7100 12.7673
12.7100 12.7606
12.6900 12.7525
12.6900 12.7449
12.6900 12.7378
12.6800 12.7308
12.6600 12.7228
12.6500 12.7143
12.6500 12.7070
12.6400 12.6992
12.6200 12.6912
12.6200 12.6835
12.6100 12.6753
12.6000 12.6671
12.5900 12.6584
12.5900 12.6503
12.5800 12.6411
12.5600 12.6317
12.5700 12.6236
12.5700 12.6165
12.5500 12.6089
12.5500 12.6021
12.5400 12.5947
12.5300 12.5879
12.5400 12.5817
12.5400 12.5755
12.5200 12.5685
12.5200 12.5628
12.5200 12.5576
12.4900 12.5503
12.4900 12.5432
12.4800 12.5365
12.4800 12.5292
12.4700 12.5218
12.4700 12.5153
12.4600 12.5087
12.4500 12.5016
12.4400 12.4945
12.4300 12.4877
12.4300 12.4805
12.4200 12.4730
12.4200 12.4667
12.4100 12.4602
12.4100 12.4546
12.4000 12.4491
12.4100 12.4436
12.4000 12.4375
12.4000 12.4327
12.3900 12.4274
12.3800 12.4214
12.3800 12.4170
12.3700 12.4119
12.3700 12.4072
12.3600 12.4016
12.3400 12.3953
12.3400 12.3885
12.3400 12.3822
12.3300 12.3755
12.3300 12.3695
12.3200 12.3636
12.3200 12.3580
12.3200 12.3532
12.3100 12.3481
12.3100 12.3438
12.3000 12.3391
12.2900 12.3345
12.2900 12.3292
12.2800 12.3239
12.2800 12.3185
12.2600 12.3123
12.2500 12.3057
12.2400 12.2984
12.2200 12.2900
12.2200 12.2814
12.2200 12.2732
12.2000 12.2651
12.2100 12.2580
12.1900 12.2501
12.1800 12.2425
12.1700 12.2345
12.1600 12.2265
12.1700 12.2195
12.1500 12.2115
12.1300 12.2032
12.1200 12.1944
12.1000 12.1847
12.0900 12.1747
12.0900 12.1644
12.0700 12.1533
12.0800 12.1429
12.0700 12.1333
12.0600 12.1241
12.0500 12.1152
12.0500 12.1077
12.0400 12.0998
12.0400 12.0920
12.0300 12.0853
12.0300 12.0782
12.0300 12.0723
12.0200 12.0664
12.0100 12.0602
12.0100 12.0543
12.0100 12.0475
12.0100 12.0413
12.0100 12.0363
12.0000 12.0313
11.9900 12.0267
11.9800 12.0219
11.9800 12.0168
11.9500 12.0107
11.9600 12.0044
11.9500 11.9977
11.9500 11.9915
11.9400 11.9855
11.9400 11.9797
11.9300 11.9739
11.9300 11.9682
11.9200 11.9626
11.9200 11.9574
11.9200 11.9525
11.9100 11.9478
11.9000 11.9434
11.9000 11.9390
11.8900 11.9341
11.8800 11.9281
11.8700 11.9213
11.8700 11.9147
11.8600 11.9080
11.8500 11.9011
11.8400 11.8935
11.8300 11.8871
11.8200 11.8795
11.8200 11.8724
11.8200 11.8655
11.8200 11.8595
11.8100 11.8535
11.8200 11.8489
11.8100 11.8442
11.8200 11.8409
11.8000 11.8366
11.8000 11.8323
11.7900 11.8278
11.7900 11.8237
11.7700 11.8181
11.7800 11.8133
11.7600 11.8075
11.7500 11.8011
11.7400 11.7937
11.7400 11.7866
11.7300 11.7794
11.7400 11.7733
11.7300 11.7676
11.7300 11.7630
11.7200 11.7585
11.7100 11.7535
11.7100 11.7488
11.7000 11.7442
11.7000 11.7391
11.6900 11.7339
11.6900 11.7283
11.6700 11.7225
11.6800 11.7170
11.6700 11.7113
11.6700 11.7054
11.6600 11.6999
11.6500 11.6934
11.6500 11.6879
11.6400 11.6825
11.6300 11.6772
11.6300 11.6718
11.6100 11.6659
11.6100 11.6593
11.6000 11.6526
11.6000 11.6459
11.5800 11.6386
11.5700 11.6312
11.5600 11.6232
11.5600 11.6157
11.5500 11.6078
11.5400 11.6001
11.5300 11.5919
11.5200 11.5845
11.5100 11.5761
11.5100 11.5683
11.5000 11.5601
11.4900 11.5519
11.4800 11.5439
11.4600 11.5347
11.4600 11.5262
11.4500 11.5175
11.4500 11.5088
11.4400 11.5007
11.4500 11.4935
11.4400 11.4866
11.4200 11.4786
11.4300 11.4725
11.4200 11.4663
11.4100 11.4599
11.4100 11.4536
11.4100 11.4480
11.4100 11.4429
11.3900 11.4372
11.3900 11.4317
11.3900 11.4266
11.3800 11.4205
11.3700 11.4142
11.3700 11.4082
11.3600 11.4022
11.3600 11.3974
11.3500 11.3918
11.3400 11.3864
11.3300 11.3803
11.3300 11.3746
11.3200 11.3677
11.3200 11.3615
11.3000 11.3555
11.2900 11.3482
11.2900 11.3415
11.2800 11.3348
11.2600 11.3270
11.2400 11.3179
11.2500 11.3094
11.2400 11.3014
11.2300 11.2930
11.2200 11.2844
11.2000 11.2753
11.2000 11.2667
11.1900 11.2577
11.1800 11.2488
11.1700 11.2396
11.1600 11.2305
11.1500 11.2215
11.1500 11.2132
11.1400 11.2045
11.1300 11.1959
11.1200 11.1865
11.1100 11.1776
11.1100 11.1695
11.1100 11.1614
11.1000 11.1534
11.1000 11.1465
11.1000 11.1412
11.0900 11.1347
11.0900 11.1288
11.0900 11.1235
11.0800 11.1179
11.0800 11.1134
11.0800 11.1088
11.0700 11.1041
11.0600 11.0991
11.0500 11.0937
11.0400 11.0878
11.0300 11.0815
11.0200 11.0742
11.0000 11.0659
10.9900 11.0574
10.9800 11.0487
10.9800 11.0406
10.9600 11.0315
10.9600 11.0228
10.9700 11.0157
10.9400 11.0074
10.9400 10.9995
10.9300 10.9923
10.9400 10.9859
10.9300 10.9793
10.9300 10.9736
10.9300 10.9684
10.9100 10.9620
10.9200 10.9565
10.9000 10.9502
10.8900 10.9433
10.8700 10.9354
10.8700 10.9274
10.8600 10.9188
10.8500 10.9108
10.8400 10.9025
10.8300 10.8942
10.8300 10.8856
10.8200 10.8779
10.8200 10.8705
10.8200 10.8628
10.8200 10.8575
10.8100 10.8521
10.8200 10.8485
10.8100 10.8442
10.7900 10.8393
10.7900 10.8341
10.7800 10.8280
10.7900 10.8233
10.7800 10.8171
10.7700 10.8112
10.7600 10.8049
10.7500 10.7989
10.7500 10.7925
10.7500 10.7864
10.7500 10.7809
10.7400 10.7757
10.7400 10.7714
10.7400 10.7675
10.7400 10.7645
10.7400 10.7615
10.7300 10.7582
10.7300 10.7547
10.7300 10.7520
10.7300 10.7486
10.7100 10.7445
10.7000 10.7405
10.7000 10.7362
10.7100 10.7326
10.6900 10.7271
10.6900 10.7221
10.6700 10.7164
10.6700 10.7110
10.6700 10.7062
10.6600 10.7009
10.6600 10.6959
10.6400 10.6899
10.6400 10.6846
10.6300 10.6790
10.6300 10.6736
10.6100 10.6671
10.6000 10.6598
10.6000 10.6531
10.5800 10.6454
10.5800 10.6375
10.5700 10.6293
10.5600 10.6215
10.5700 10.6150
10.5600 10.6084
10.5500 10.6007
10.5500 10.5946
10.5400 10.5880
10.5400 10.5826
10.5300 10.5768
10.5300 10.5712
10.5300 10.5661
10.5300 10.5609
10.5200 10.5564
10.5200 10.5516
10.5200 10.5474
10.5100 10.5422
10.5100 10.5378
10.5000 10.5335
10.4900 10.5283
10.4900 10.5240
10.4900 10.5196
10.4900 10.5157
10.4600 10.5106
10.4700 10.5054
10.4600 10.4999
10.4500 10.4943
10.4400 10.4881
10.4300 10.4819
10.4100 10.4745
10.4100 10.4676
10.3900 10.4596
10.3900 10.4517
10.3900 10.4440
10.3800 10.4365
10.3700 10.4286
10.3600 10.4206
10.3500 10.4130
10.3500 10.4053
10.3400 10.3978
10.3400 10.3913
10.3300 10.3845
10.3200 10.3772
10.3300 10.3705
10.3300 10.3656
10.3000 10.3584
10.2900 10.3507
10.3000 10.3440
10.2800 10.3364
10.2900 10.3297
10.2700 10.3232
10.2600 10.3159
10.2600 10.3096
10.2400 10.3021
10.2400 10.2943
10.2300 10.2865
10.2300 10.2792
10.2300 10.2725
10.2300 10.2670
10.2100 10.2608
10.2100 10.2553
10.2000 10.2490
10.2000 10.2434
10.1900 10.2376
10.1900 10.2315
10.1800 10.2247
10.1800 10.2195
10.1800 10.2151
10.1800 10.2099
10.1800 10.2059
10.1600 10.2000
10.1600 10.1951
10.1400 10.1895
10.1400 10.1836
10.1300 10.1781
10.1300 10.1725
10.1200 10.1667
10.1100 10.1605
10.1100 10.1541
10.1100 10.1477
10.1100 10.1425
10.1000 10.1370
10.1100 10.1330
10.1000 10.1288
10.0800 10.1244
10.0900 10.1205
10.0700 10.1162
10.0700 10.1115
10.0600 10.1060
10.0600 10.1003
10.0600 10.0944
10.0500 10.0889
10.0500 10.0833
10.0500 10.0788
10.0300 10.0732
10.0400 10.0688
10.0300 10.0639
10.0200 10.0592
10.0100 10.0546
10.0100 10.0500
10.0000 10.0448
9.9900 10.0388
9.9800 10.0327
9.9700 10.0252
9.9700 10.0180
9.9600 10.0115
9.9500 10.0037
9.9400 9.9967
9.9400 9.9900
9.9100 9.9820
9.9100 9.9742
9.9000 9.9659
9.8900 9.9576
9.9000 9.9501
9.8800 9.9417
9.8700 9.9342
9.8600 9.9256
9.8600 9.9176
9.8600 9.9102
9.8500 9.9030
9.8400 9.8955
9.8300 9.8880
9.8200 9.8805
9.8200 9.8735
9.8100 9.8664
9.8000 9.8585
9.8100 9.8516
9.8000 9.8447
9.7900 9.8380
9.7800 9.8306
9.7700 9.8243
9.7700 9.8176
9.7600 9.8109
9.7600 9.8049
9.7500 9.7978
9.7500 9.7919
9.7500 9.7866
9.7400 9.7814
9.7400 9.7762
9.7300 9.7704
9.7300 9.7649
9.7200 9.7595
9.7100 9.7542
9.6900 9.7481
9.7000 9.7424
9.7000 9.7370
9.6900 9.7316
9.6900 9.7257
9.6900 9.7205
9.6800 9.7153
9.6700 9.7100
9.6700 9.7055
9.6700 9.7009
9.6600 9.6965
9.6500 9.6915
9.6400 9.6865
9.6300 9.6809
9.6200 9.6744
9.6100 9.6673
9.6000 9.6594
9.5900 9.6514
9.5800 9.6426
9.5800 9.6345
9.5700 9.6267
9.5700 9.6205
9.5600 9.6134
9.5500 9.6060
9.5400 9.5990
9.5300 9.5916
9.5300 9.5844
9.5200 9.5772
9.5100 9.5701
9.5200 9.5637
9.5100 9.5568
9.5000 9.5498
9.4900 9.5427
9.4900 9.5360
9.4900 9.5297
9.4900 9.5240
9.4800 9.5185
9.4800 9.5136
9.4700 9.5088
9.4800 9.5051
9.4700 9.5006
9.4700 9.4967
9.4600 9.4921
9.4500 9.4871
9.4500 9.4825
9.4400 9.4778
9.4200 9.4722
9.4200 9.4662
9.4100 9.4599
9.4100 9.4541
9.4100 9.4478
9.3900 9.4410
9.4000 9.4355
9.3800 9.4296
9.3800 9.4240
9.3700 9.4180
9.3700 9.4123
9.3700 9.4074
9.3600 9.4021
9.3500 9.3971
9.3500 9.3916
9.3500 9.3865
9.3300 9.3801
9.3400 9.3746
9.3200 9.3685
9.3300 9.3630
9.3100 9.3566
9.3000 9.3509
9.2900 9.3444
9.2900 9.3383
9.2800 9.3314
9.2800 9.3245
9.2600 9.3177
9.2600 9.3105
9.2600 9.3044
9.2600 9.2985
9.2500 9.2929
9.2400 9.2869
9.2400 9.2812
9.2300 9.2754
9.2300 9.2704
9.2200 9.2648
9.2100 9.2585
9.2200 9.2539
9.2000 9.2475
9.2100 9.2426
9.2000 9.2367
9.2000 9.2317
9.1800 9.2260
9.1800 9.2208
9.1800 9.2156
9.1600 9.2097
9.1700 9.2043
9.1600 9.1995
9.1600 9.1948
9.1600 9.1903
9.1500 9.1852
9.1400 9.1799
9.1400 9.1754
9.1300 9.1700
9.1300 9.1653
9.1300 9.1606
9.1200 9.1562
9.1200 9.1523
9.1100 9.1472
9.1000 9.1426
9.1000 9.1372
9.1000 9.1323
9.0900 9.1266
9.0800 9.1216
9.0800 9.1168
9.0700 9.1114
9.0700 9.1070
9.0700 9.1022
9.0600 9.0974
9.0500 9.0920
9.0600 9.0874
9.0500 9.0827
9.0400 9.0782
9.0300 9.0731
9.0200 9.0678
9.0200 9.0624
9.0000 9.0556
9.0000 9.0494
8.9800 9.0417
8.9800 9.0345
8.9800 9.0279
8.9700 9.0208
8.9700 9.0140
8.9700 9.0081
8.9600 9.0024
8.9400 8.9958
8.9400 8.9901
8.9200 8.9832
8.9200 8.9761
8.9100 8.9689
8.9000 8.9618
8.8900 8.9534
8.8900 8.9455
8.8800 8.9373
8.8800 8.9296
8.8800 8.9228
8.8700 8.9155
8.8800 8.9104
8.8600 8.9045
8.8500 8.8994
8.8400 8.8936
8.8300 8.8872
8.8300 8.8809
8.8300 8.8745
8.8200 8.8675
8.8000 8.8595
8.8100 8.8532
8.8100 8.8467
8.8100 8.8414
8.8100 8.8363
8.8100 8.8322
8.8100 8.8289
8.8000 8.8261
8.7900 8.8227
8.7700 8.8185
8.7700 8.8139
8.7600 8.8081
8.7500 8.8018
8.7500 8.7947
8.7400 8.7880
8.7300 8.7808
8.7300 8.7742
8.7300 8.7683
8.7200 8.7620
8.7200 8.7561
8.7100 8.7506
8.7000 8.7463
8.6900 8.7411
8.6900 8.7361
8.6800 8.7304
8.6900 8.7253
8.6800 8.7196
8.6700 8.7133
8.6700 8.7075
8.6600 8.7015
8.6600 8.6964
8.6500 8.6906
8.6400 8.6849
8.6300 8.6791
8.6200 8.6726
8.6100 8.6660
8.6100 8.6598
8.6100 8.6535
8.6000 8.6467
8.5900 8.6399
8.5800 8.6327
8.5900 8.6268
8.5800 8.6210
8.5700 8.6155
8.5700 8.6102
8.5600 8.6052
8.5500 8.5990
8.5400 8.5927
8.5400 8.5869
8.5300 8.5803
8.5200 8.5734
8.5200 8.5664
8.5100 8.5594
8.5100 8.5529
8.5000 8.5465
8.5000 8.5405
8.4900 8.5349
8.4900 8.5295
8.4900 8.5241
8.4900 8.5195
8.4800 8.5152
8.4900 8.5122
8.4800 8.5080
8.4800 8.5044
8.4800 8.5013
8.4800 8.4980
8.4700 8.4945
8.4600 8.4908
8.4600 8.4875
8.4600 8.4837
8.4500 8.4797
8.4500 8.4761
8.4500 8.4724
8.4500 8.4692
8.4400 8.4655
8.4400 8.4623
8.4300 8.4586
8.4300 8.4555
8.4300 8.4525
8.4200 8.4491
8.4100 8.4452
8.4200 8.4425
8.4000 8.4380
8.4000 8.4339
8.4000 8.4299
8.3800 8.4245
8.3800 8.4190
8.3700 8.4135
8.3600 8.4079
8.3500 8.4017
8.3300 8.3944
8.3400 8.3881
8.3200 8.3807
8.3200 8.3735
8.3200 8.3666
8.3100 8.3599
8.3000 8.3530
8.2900 8.3463
8.2900 8.3397
8.2900 8.3335
8.2900 8.3279
8.2800 8.3227
8.2800 8.3172
8.2800 8.3129
8.2700 8.3080
8.2700 8.3027
8.2700 8.2986
8.2600 8.2936
8.2500 8.2884
8.2400 8.2829
8.2500 8.2784
8.2500 8.2748
8.2400 8.2699
8.2400 8.2662
8.2300 8.2619
8.2300 8.2575
8.2300 8.2536
8.2100 8.2491
8.2200 8.2458
8.2000 8.2414
8.1900 8.2362
8.1800 8.2304
8.1700 8.2244
8.1700 8.2181
8.1600 8.2110
8.1600 8.2046
8.1500 8.1980
8.1400 8.1909
8.1300 8.1840
8.1300 8.1778
8.1200 8.1719
8.1100 8.1652
8.1200 8.1592
8.1100 8.1536
8.1000 8.1476
8.1000 8.1424
8.1000 8.1371
8.1000 8.1316
8.0900 8.1268
8.1000 8.1220
8.1000 8.1185
8.0800 8.1143
8.0900 8.1112
8.0900 8.1085
8.0700 8.1045
8.0700 8.1006
8.0700 8.0965
8.0600 8.0920
8.0600 8.0879
8.0500 8.0836
8.0500 8.0792
8.0400 8.0746
8.0400 8.0707
8.0200 8.0649
8.0100 8.0591
8.0100 8.0540
8.0000 8.0482
8.0000 8.0425
7.9900 8.0367
7.9800 8.0310
7.9700 8.0242
7.9700 8.0175
7.9700 8.0120
7.9600 8.0056
7.9500 7.9988
7.9500 7.9935
7.9400 7.9876
7.9400 7.9820
7.9300 7.9764
7.9300 7.9706
7.9200 7.9649
7.9200 7.9591
7.9100 7.9533
7.8900 7.9461
7.8800 7.9392
7.8800 7.9325
7.8700 7.9251
7.8700 7.9183
7.8600 7.9110
7.8600 7.9044
7.8600 7.8985
7.8400 7.8923
7.8400 7.8862
7.8300 7.8795
7.8300 7.8735
7.8200 7.8676
7.8200 7.8620
7.8100 7.8565
7.8100 7.8510
7.8000 7.8453
7.8000 7.8395
7.7800 7.8328
7.7800 7.8260
7.7700 7.8189
7.7700 7.8129
7.7600 7.8071
7.7600 7.8013
7.7400 7.7949
7.7400 7.7885
7.7300 7.7820
7.7200 7.7748
7.7200 7.7676
7.7200 7.7617
7.7100 7.7555
7.7100 7.7500
7.7100 7.7449
7.7000 7.7398
7.7000 7.7348
7.6900 7.7298
7.6900 7.7248
7.6800 7.7197
7.6700 7.7140
7.6600 7.7085
7.6500 7.7023
7.6400 7.6956
7.6500 7.6893
7.6500 7.6835
7.6400 7.6772
7.6300 7.6716
7.6400 7.6669
7.6200 7.6617
7.6200 7.6572
7.6000 7.6516
7.6000 7.6460
7.5900 7.6404
7.5900 7.6347
7.5800 7.6285
7.5800 7.6227
7.5700 7.6163
7.5700 7.6102
7.5700 7.6042
7.5600 7.5984
7.5600 7.5933
7.5500 7.5883
7.5400 7.5835
7.5400 7.5795
7.5300 7.5743
7.5400 7.5695
7.5200 7.5640
7.5300 7.5596
7.5300 7.5547
7.5100 7.5496
7.5200 7.5451
7.5100 7.5411
7.5100 7.5370
7.5000 7.5330
7.4900 7.5284
7.4800 7.5236
7.4800 7.5187
7.4700 7.5135
7.4700 7.5083
7.4600 7.5023
7.4600 7.4970
7.4500 7.4910
7.4400 7.4851
7.4400 7.4800
7.4400 7.4749
7.4400 7.4707
7.4400 7.4663
7.4400 7.4635
7.4400 7.4604
7.4500 7.4580
7.4400 7.4563
7.4300 7.4534
7.4400 7.4515
7.4300 7.4487
7.4300 7.4462
7.4200 7.4435
7.4200 7.4410
7.4100 7.4375
7.4000 7.4335
7.4000 7.4291
7.4000 7.4251
7.3900 7.4204
7.3800 7.4156
7.3800 7.4116
7.3800 7.4080
7.3700 7.4040
7.3500 7.3989
7.3500 7.3941
7.3500 7.3894
7.3300 7.3835
7.3100 7.3759
7.3200 7.3695
7.3100 7.3632
7.3000 7.3555
7.3000 7.3487
7.2800 7.3410
7.2900 7.3345
7.2800 7.3276
7.2700 7.3209
7.2700 7.3152
7.2600 7.3092
7.2600 7.3031
7.2600 7.2977
7.2600 7.2933
7.2500 7.2883
7.2500 7.2830
7.2400 7.2776
7.2400 7.2733
7.2300 7.2681
7.2100 7.2615
7.2000 7.2548
7.2100 7.2498
7.2000 7.2435
7.2000 7.2375
7.1900 7.2318
7.1800 7.2255
7.1800 7.2203
7.1900 7.2153
7.1900 7.2112
7.1800 7.2075
7.1800 7.2042
7.1800 7.2017
7.1800 7.1995
7.1800 7.1973
7.1700 7.1943
7.1700 7.1915
7.1600 7.1878
7.1600 7.1844
7.1700 7.1813
7.1600 7.1779
7.1600 7.1755
7.1500 7.1729
7.1500 7.1697
7.1400 7.1665
7.1400 7.1630
7.1300 7.1595
7.1300 7.1565
7.1300 7.1538
7.1200 7.1501
7.1100 7.1457
7.1100 7.1420
7.1000 7.1375
7.0800 7.1317
7.0800 7.1260
7.0800 7.1203
7.0700 7.1146
7.0600 7.1085
7.0500 7.1027
7.0500 7.0970
7.0400 7.0902
7.0400 7.0840
7.0200 7.0768
7.0200 7.0705
7.0200 7.0643
7.0200 7.0588
7.0200 7.0537
7.0100 7.0490
6.9900 7.0430
6.9900 7.0368
6.9800 7.0305
6.9800 7.0245
6.9700 7.0177
6.9600 7.0108
6.9600 7.0051
6.9500 6.9987
6.9400 6.9917
6.9500 6.9857
6.9400 6.9797
6.9300 6.9738
6.9300 6.9682
6.9400 6.9641
6.9300 6.9596
6.9300 6.9565
6.9300 6.9535
6.9200 6.9500
6.9100 6.9457
6.9100 6.9412
6.9200 6.9375
6.9100 6.9342
6.9000 6.9302
6.8900 6.9259
6.9000 6.9221
6.8800 6.9174
6.8800 6.9129
6.8800 6.9084
6.8700 6.9039
6.8700 6.9001
6.8600 6.8953
6.8600 6.8912
6.8500 6.8872
6.8600 6.8838
6.8500 6.8794
6.8500 6.8758
6.8500 6.8725
6.8500 6.8694
6.8300 6.8655
6.8200 6.8616
6.8200 6.8575
6.8100 6.8519
6.8100 6.8466
6.8000 6.8413
6.8000 6.8365
6.8000 6.8312
6.7900 6.8265
6.7800 6.8211
6.7900 6.8165
6.7800 6.8121
6.7800 6.8078
6.7700 6.8039
6.7600 6.7997
6.7600 6.7961
6.7500 6.7911
6.7500 6.7865
6.7400 6.7813
6.7200 6.7746
6.7100 6.7670
6.7100 6.7603
6.7000 6.7535
6.7000 6.7466
6.7000 6.7405
6.7000 6.7349
6.6900 6.7296
6.6900 6.7248
6.6900 6.7203
6.6800 6.7158
6.6800 6.7122
6.6800 6.7081
6.6800 6.7047
6.6700 6.7008
6.6700 6.6973
6.6700 6.6940
6.6700 6.6905
6.6600 6.6865
6.6600 6.6824
6.6400 6.6773
6.6500 6.6737
6.6400 6.6700
6.6300 6.6655
6.6200 6.6611
6.6300 6.6572
6.6100 6.6520
6.6000 6.6462
6.6100 6.6417
6.6100 6.6374
6.6000 6.6325
6.5900 6.6281
6.5900 6.6240
6.5800 6.6194
6.5800 6.6148
6.5700 6.6102
6.5600 6.6051
6.5700 6.6006
6.5600 6.5955
6.5500 6.5903
6.5500 6.5852
6.5400 6.5805
6.5400 6.5750
6.5300 6.5695
6.5300 6.5646
6.5200 6.5599
6.5300 6.5552
6.5200 6.5512
6.5100 6.5473
6.5100 6.5429
6.5000 6.5378
6.5000 6.5330
6.5000 6.5289
6.4800 6.5236
6.4700 6.5182
6.4800 6.5133
6.4700 6.5082
6.4600 6.5031
6.4400 6.4962
6.4400 6.4897
6.4300 6.4830
6.4500 6.4776
6.4300 6.4720
6.4300 6.4666
6.4200 6.4616
6.4200 6.4567
6.4100 6.4519
6.4200 6.4474
6.4100 6.4428
6.4100 6.4388
6.4000 6.4345
6.3900 6.4301
6.3900 6.4255
6.3900 6.4205
6.3700 6.4152
6.3700 6.4101
6.3700 6.4045
6.3600 6.3987
6.3600 6.3935
6.3500 6.3888
6.3400 6.3836
6.3300 6.3784
6.3400 6.3726
6.3300 6.3675
6.3300 6.3627
6.3300 6.3588
6.3300 6.3551
6.3200 6.3515
6.3200 6.3476
6.3200 6.3442
6.3200 6.3406
6.3100 6.3371
6.3100 6.3341
6.2900 6.3298
6.3000 6.3258
6.2900 6.3221
6.2800 6.3174
6.2800 6.3125
6.2700 6.3075
6.2600 6.3017
6.2600 6.2965
6.2600 6.2919
6.2500 6.2875
6.2400 6.2820
6.2400 6.2774
6.2400 6.2730
6.2300 6.2682
6.2300 6.2636
6.2200 6.2591
6.2200 6.2547
6.2100 6.2498
6.2000 6.2442
6.1900 6.2385
6.2000 6.2332
6.2000 6.2290
6.1800 6.2231
6.1800 6.2179
6.1800 6.2134
6.1600 6.2074
6.1700 6.2025
6.1700 6.1984
6.1600 6.1937
6.1600 6.1893
6.1600 6.1855
6.1600 6.1825
6.1400 6.1784
6.1400 6.1740
6.1200 6.1686
6.1200 6.1630
6.1100 6.1573
6.1100 6.1513
6.1000 6.1452
6.0900 6.1392
6.0900 6.1336
6.0800 6.1270
6.0800 6.1205
6.0700 6.1146
6.0600 6.1085
6.0500 6.1019
6.0600 6.0975
6.0600 6.0928
6.0600 6.0885
6.0500 6.0843
6.0500 6.0803
6.0400 6.0755
6.0300 6.0700
6.0300 6.0654
6.0300 6.0605
6.0300 6.0566
6.0200 6.0522
6.0100 6.0477
6.0100 6.0431
6.0100 6.0387
6.0100 6.0346
6.0000 6.0300
6.0100 6.0267
6.0000 6.0231
6.0000 6.0201
6.0000 6.0179
5.9900 6.0158
5.9900 6.0130
5.9800 6.0095
5.9800 6.0057
5.9700 6.0019
5.9600 5.9973
5.9600 5.9929
5.9500 5.9884
5.9400 5.9831
5.9400 5.9778
5.9300 5.9718
5.9200 5.9659
5.9100 5.9601
5.9000 5.9538
5.9100 5.9484
5.9000 5.9425
5.9000 5.9377
5.9000 5.9327
5.8900 5.9281
5.8900 5.9236
5.8900 5.9193
5.8800 5.9150
5.8800 5.9107
5.8800 5.9070
5.8600 5.9020
5.8500 5.8967
5.8500 5.8917
5.8500 5.8863
5.8500 5.8810
5.8400 5.8758
5.8400 5.8706
5.8200 5.8648
5.8200 5.8595
5.8200 5.8548
5.8200 5.8508
5.8300 5.8472
5.8100 5.8433
5.8000 5.8390
5.8000 5.8349
5.7900 5.8305
5.7900 5.8258
5.7900 5.8210
5.7800 5.8162
5.7600 5.8102
5.7600 5.8040
5.7600 5.7989
5.7600 5.7942
5.7400 5.7883
5.7600 5.7837
5.7500 5.7788
5.7400 5.7743
5.7300 5.7693
5.7300 5.7655
5.7200 5.7610
5.7000 5.7552
5.7100 5.7499
5.7000 5.7435
5.7000 5.7381
5.7100 5.7339
5.7000 5.7293
5.7000 5.7254
5.6900 5.7211
5.6800 5.7159
5.6800 5.7114
5.6800 5.7081
5.6700 5.7043
5.6700 5.7005
5.6700 5.6967
5.6600 5.6935
5.6600 5.6888
5.6600 5.6845
5.6600 5.6806
5.6500 5.6766
5.6500 5.6728
5.6500 5.6696
5.6500 5.6678
5.6400 5.6649
5.6400 5.6625
5.6300 5.6595
5.6300 5.6558
5.6200 5.6518
5.6100 5.6470
5.6000 5.6420
5.6000 5.6374
5.6000 5.6326
5.5900 5.6274
5.5900 5.6229
5.5800 5.6180
5.5800 5.6132
5.5800 5.6092
5.5700 5.6049
5.5700 5.6008
5.5600 5.5964
5.5600 5.5925
5.5500 5.5883
5.5500 5.5840
5.5400 5.5790
5.5400 5.5744
5.5300 5.5690
5.5300 5.5642
5.5200 5.5586
5.5100 5.5530
5.5100 5.5478
5.5100 5.5433
5.5100 5.5389
5.4900 5.5335
5.4900 5.5287
5.4900 5.5240
5.4900 5.5199
5.4800 5.5153
5.4800 5.5108
5.4600 5.5057
5.4700 5.5012
5.4600 5.4965
5.4600 5.4919
5.4500 5.4873
5.4500 5.4825
5.4500 5.4784
5.4500 5.4743
5.4500 5.4710
5.4300 5.4665
5.4300 5.4624
5.4200 5.4582
5.4100 5.4533
5.4100 5.4482
5.4100 5.4431
5.4000 5.4384
5.4000 5.4338
5.4000 5.4294
5.3900 5.4244
5.3800 5.4193
5.3800 5.4142
5.3800 5.4104
5.3700 5.4055
5.3500 5.4004
5.3500 5.3951
5.3500 5.3904
5.3500 5.3855
5.3500 5.3807
5.3400 5.3755
5.3300 5.3696
5.3300 5.3649
5.3300 5.3602
5.3200 5.3555
5.3200 5.3516
5.3100 5.3472
5.3100 5.3427
5.3100 5.3390
5.3000 5.3347
5.2900 5.3295
5.2900 5.3247
5.2700 5.3191
5.2700 5.3133
5.2600 5.3068
5.2600 5.3008
5.2600 5.2960
5.2600 5.2915
5.2400 5.2860
5.2400 5.2806
5.2300 5.2747
5.2300 5.2693
5.2300 5.2645
5.2200 5.2595
5.2100 5.2541
5.2000 5.2486
5.2100 5.2438
5.2000 5.2388
5.2000 5.2338
5.1800 5.2275
5.1900 5.2224
5.1800 5.2172
5.1800 5.2121
5.1700 5.2075
5.1900 5.2044
5.1800 5.2013
5.1600 5.1971
5.1700 5.1936
5.1600 5.1895
5.1500 5.1855
5.1600 5.1818
5.1400 5.1776
5.1300 5.1726
5.1300 5.1675
5.1400 5.1633
5.1300 5.1590
5.1300 5.1555
5.1300 5.1515
5.1200 5.1475
5.1300 5.1445
5.1300 5.1429
5.1300 5.1408
5.1200 5.1390
5.1200 5.1373
5.1100 5.1354
5.1000 5.1315
5.1100 5.1285
5.1000 5.1255
5.0900 5.1211
5.0900 5.1172
5.0800 5.1131
5.0600 5.1069
5.0600 5.1017
5.0600 5.0970
5.0600 5.0925
5.0500 5.0871
5.0400 5.0822
5.0500 5.0782
5.0400 5.0739
5.0300 5.0698
5.0300 5.0653
5.0200 5.0604
5.0200 5.0555
5.0000 5.0499
5.0000 5.0444
5.0000 5.0394
4.9900 5.0341
5.0000 5.0287
4.9900 5.0235
4.9900 5.0189
4.9800 5.0138
4.9900 5.0098
4.9900 5.0073
4.9600 5.0031
4.9700 4.9995
4.9600 4.9952
4.9700 4.9918
4.9700 4.9892
4.9500 4.9846
4.9500 4.9805
4.9500 4.9767
4.9500 4.9726
4.9400 4.9685
4.9400 4.9645
4.9400 4.9616
4.9300 4.9582
4.9200 4.9543
4.9200 4.9512
4.9000 4.9459
4.8900 4.9404
4.8900 4.9345
4.8900 4.9294
4.8800 4.9232
4.8700 4.9164
4.8700 4.9115
4.8600 4.9055
4.8500 4.8998
4.8600 4.8943
4.8500 4.8884
4.8600 4.8846
4.8500 4.8808
4.8400 4.8766
4.8300 4.8720
4.8300 4.8677
4.8200 4.8625
4.8100 4.8563
4.8100 4.8505
4.8100 4.8453
4.8000 4.8392
4.8000 4.8343
4.7900 4.8294
4.7900 4.8243
4.7900 4.8193
4.7800 4.8143
4.7800 4.8102
4.7700 4.8057
4.7800 4.8025
4.7700 4.7995
4.7700 4.7959
4.7600 4.7924
4.7700 4.7886
4.7600 4.7847
4.7500 4.7807
4.7500 4.7772
4.7500 4.7735
4.7400 4.7696
4.7300 4.7656
4.7300 4.7616
4.7200 4.7568
4.7100 4.7518
4.7000 4.7460
4.6900 4.7402
4.6900 4.7343
4.6800 4.7278
4.6700 4.7214
4.6600 4.7146
4.6600 4.7087
4.6600 4.7024
4.6500 4.6963
4.6400 4.6900
4.6400 4.6846
4.6300 4.6782
4.6300 4.6725
4.6200 4.6669
4.6200 4.6615
4.6100 4.6554
4.6100 4.6497
4.6100 4.6447
4.6100 4.6397
4.6100 4.6353
4.6100 4.6314
4.5900 4.6268
4.6000 4.6235
4.5900 4.6194
4.5900 4.6155
4.5800 4.6116
4.5700 4.6075
4.5700 4.6033
4.5700 4.5987
4.5600 4.5940
4.5600 4.5897
4.5500 4.5848
4.5500 4.5805
4.5600 4.5768
4.5500 4.5735
4.5500 4.5705
4.5500 4.5682
4.5500 4.5662
4.5500 4.5643
4.5400 4.5619
4.5400 4.5595
4.5300 4.5561
4.5400 4.5543
4.5400 4.5518
4.5300 4.5492
4.5200 4.5458
4.5300 4.5434
4.5200 4.5406
4.5100 4.5373
4.5100 4.5338
4.5000 4.5303
4.5100 4.5273
4.4900 4.5238
4.4900 4.5205
4.4700 4.5155
4.4700 4.5108
4.4700 4.5060
4.4600 4.5007
4.4600 4.4957
4.4500 4.4904
4.4500 4.4856
4.4500 4.4813
4.4400 4.4772
4.4300 4.4720
4.4300 4.4669
4.4300 4.4624
4.4200 4.4581
4.4200 4.4533
4.4300 4.4498
4.4100 4.4456
4.4200 4.4420
4.4200 4.4391
4.4100 4.4348
4.4200 4.4323
4.4100 4.4291
4.4100 4.4270
4.4100 4.4250
4.4000 4.4223
4.4000 4.4198
4.4000 4.4172
4.3900 4.4144
4.3900 4.4113
4.3900 4.4080
4.3800 4.4047
4.3700 4.4012
4.3700 4.3976
4.3700 4.3941
4.3600 4.3905
4.3600 4.3871
4.3500 4.3826
4.3500 4.3795
4.3500 4.3759
4.3300 4.3712
4.3300 4.3671
4.3300 4.3625
4.3200 4.3579
4.3100 4.3527
4.3000 4.3471
4.3000 4.3420
4.2900 4.3362
4.2900 4.3304
4.2800 4.3247
4.2800 4.3192
4.2800 4.3138
4.2800 4.3092
4.2700 4.3048
4.2600 4.3002
4.2600 4.2955
4.2600 4.2913
4.2600 4.2872
4.2600 4.2838
4.2500 4.2799
4.2400 4.2752
4.2400 4.2715
4.2400 4.2675
4.2400 4.2633
4.2300 4.2589
4.2200 4.2545
4.2300 4.2512
4.2200 4.2474
4.2200 4.2441
4.2200 4.2408
4.2100 4.2375
4.2100 4.2343
4.2100 4.2311
4.2100 4.2280
4.1900 4.2243
4.1900 4.2210
4.1800 4.2170
4.1800 4.2128
4.1800 4.2086
4.1700 4.2038
4.1700 4.1995
4.1700 4.1959
4.1600 4.1918
4.1600 4.1878
4.1500 4.1834
4.1500 4.1795
4.1500 4.1763
4.1400 4.1721
4.1300 4.1681
4.1300 4.1640
4.1300 4.1598
4.1300 4.1561
4.1200 4.1518
4.1200 4.1476
4.1200 4.1434
4.1200 4.1403
4.1100 4.1367
4.1100 4.1338
4.1100 4.1310
4.1100 4.1281
4.1000 4.1252
4.1000 4.1224
4.0900 4.1188
4.0900 4.1155
4.0900 4.1121
4.0800 4.1085
4.0800 4.1050
4.0800 4.1014
4.0800 4.0983
4.0700 4.0953
4.0700 4.0925
4.0600 4.0890
4.0600 4.0855
4.0600 4.0825
4.0600 4.0798
4.0600 4.0772
4.0600 4.0747
4.0500 4.0723
4.0500 4.0698
4.0500 4.0674
4.0400 4.0641
4.0300 4.0606
4.0200 4.0565
4.0200 4.0527
4.0200 4.0488
4.0100 4.0443
4.0000 4.0396
4.0000 4.0350
4.0000 4.0304
3.9900 4.0252
3.9900 4.0208
3.9900 4.0168
3.9800 4.0130
3.9700 4.0088
3.9800 4.0055
3.9700 4.0018
3.9600 3.9975
3.9700 3.9936
3.9500 3.9892
3.9600 3.9853
3.9500 3.9807
3.9400 3.9759
3.9400 3.9715
3.9500 3.9685
3.9400 3.9647
3.9400 3.9611
3.9300 3.9576
3.9300 3.9547
3.9300 3.9516
3.9200 3.9480
3.9200 3.9449
3.9200 3.9417
3.9100 3.9380
3.9000 3.9340
3.9000 3.9306
3.9000 3.9265
3.9000 3.9228
3.8900 3.9191
3.8900 3.9150
3.8800 3.9115
3.8800 3.9075
3.8800 3.9041
3.8800 3.9014
3.8700 3.8983
3.8600 3.8940
3.8600 3.8903
3.8300 3.8846
3.8400 3.8799
3.8500 3.8756
3.8300 3.8701
3.8200 3.8646
3.8300 3.8601
3.8200 3.8549
3.8100 3.8497
3.8100 3.8453
3.8000 3.8404
3.8000 3.8355
3.8000 3.8310
3.8000 3.8273
3.7800 3.8225
3.7800 3.8184
3.7900 3.8145
3.7800 3.8100
3.7700 3.8050
3.7700 3.8005
3.7600 3.7958
3.7700 3.7916
3.7700 3.7894
3.7600 3.7860
3.7500 3.7815
3.7500 3.7779
3.7500 3.7748
3.7400 3.7705
3.7300 3.7661
3.7300 3.7621
3.7200 3.7573
3.7200 3.7531
3.7300 3.7496
3.7200 3.7456
3.7200 3.7417
3.7300 3.7397
3.7100 3.7368
3.7100 3.7335
3.7100 3.7307
3.7000 3.7278
3.7000 3.7248
3.7000 3.7225
3.6900 3.7190
3.6800 3.7145
3.6700 3.7098
3.6800 3.7059
3.6900 3.7025
3.6600 3.6974
3.6700 3.6935
3.6600 3.6899
3.6600 3.6865
3.6500 3.6830
3.6500 3.6797
3.6400 3.6754
3.6400 3.6715
3.6400 3.6678
3.6300 3.6630
3.6200 3.6587
3.6200 3.6544
3.6100 3.6491
3.6000 3.6437
3.5900 3.6380
3.6000 3.6326
3.5900 3.6274
3.5900 3.6228
3.5900 3.6193
3.5800 3.6147
3.5800 3.6096
3.5800 3.6064
3.5700 3.6020
3.5700 3.5984
3.5600 3.5942
3.5600 3.5905
3.5600 3.5867
3.5400 3.5823
3.5500 3.5782
3.5500 3.5738
3.5400 3.5694
3.5400 3.5655
3.5500 3.5623
3.5400 3.5592
3.5300 3.5561
3.5300 3.5537
3.5300 3.5508
3.5300 3.5484
3.5200 3.5454
3.5200 3.5423
3.5200 3.5397
3.5200 3.5372
3.5100 3.5337
3.5100 3.5308
3.4900 3.5266
3.4900 3.5227
3.4900 3.5186
3.4700 3.5134
3.4800 3.5099
3.4700 3.5054
3.4700 3.5008
3.4700 3.4971
3.4600 3.4931
3.4600 3.4885
3.4500 3.4841
3.4500 3.4804
3.4400 3.4763
3.4500 3.4729
3.4400 3.4692
3.4500 3.4666
3.4400 3.4636
3.4300 3.4601
3.4400 3.4568
3.4300 3.4535
3.4200 3.4492
3.4300 3.4466
3.4300 3.4442
3.4200 3.4410
3.4200 3.4391
3.4100 3.4359
3.4100 3.4331
3.4000 3.4294
3.4000 3.4255
3.4000 3.4222
3.4000 3.4190
3.3900 3.4159
3.3900 3.4128
3.3800 3.4099
3.3800 3.4064
3.3900 3.4039
3.3700 3.3998
3.3800 3.3971
3.3700 3.3945
3.3600 3.3908
3.3600 3.3875
3.3600 3.3849
3.3500 3.3809
3.3400 3.3762
3.3400 3.3720
3.3300 3.3672
3.3300 3.3628
3.3400 3.3592
3.3300 3.3556
3.3200 3.3516
3.3200 3.3480
3.3100 3.3436
3.3100 3.3399
3.3100 3.3363
3.3100 3.3333
3.3000 3.3298
3.3100 3.3265
3.3000 3.3239
3.2900 3.3199
3.2900 3.3164
3.2900 3.3132
3.2800 3.3092
3.2800 3.3053
3.2800 3.3020
3.2800 3.2993
3.2700 3.2960
3.2600 3.2926
3.2600 3.2892
3.2700 3.2856
3.2600 3.2821
3.2600 3.2792
3.2500 3.2760
3.2500 3.2735
3.2500 3.2708
3.2300 3.2669
3.2400 3.2635
3.2300 3.2601
3.2300 3.2559
3.2200 3.2517
3.2300 3.2489
3.2100 3.2449
3.2200 3.2414
3.2000 3.2372
3.2000 3.2331
3.1900 3.2284
3.1900 3.2236
3.1800 3.2188
3.1900 3.2154
3.1800 3.2116
3.1700 3.2066
3.1700 3.2024
3.1700 3.1981
3.1700 3.1945
3.1600 3.1903
3.1600 3.1864
3.1500 3.1830
3.1500 3.1792
3.1500 3.1758
3.1400 3.1718
3.1400 3.1683
3.1300 3.1635
3.1300 3.1595
3.1200 3.1545
3.1300 3.1511
3.1100 3.1465
3.1100 3.1424
3.1000 3.1377
3.1100 3.1344
3.1000 3.1298
3.1000 3.1260
3.0900 3.1223
3.0900 3.1186
3.0900 3.1151
3.0900 3.1115
3.0800 3.1081
3.0700 3.1040
3.0800 3.1011
3.0700 3.0975
3.0800 3.0945
3.0600 3.0910
3.0600 3.0874
3.0700 3.0847
3.0600 3.0815
3.0500 3.0783
3.0400 3.0738
3.0400 3.0703
3.0400 3.0665
3.0500 3.0641
3.0300 3.0601
3.0300 3.0567
3.0300 3.0533
3.0200 3.0498
3.0200 3.0463
3.0200 3.0430
3.0100 3.0390
3.0100 3.0355
3.0100 3.0330
3.0100 3.0300
3.0100 3.0276
3.0100 3.0246
3.0000 3.0222
2.9900 3.0191
2.9800 3.0148
2.9900 3.0114
2.9800 3.0077
2.9700 3.0041
2.9700 3.0005
2.9700 2.9968
2.9600 2.9919
2.9600 2.9881
2.9500 2.9837
2.9400 2.9787
2.9400 2.9744
2.9300 2.9695
2.9400 2.9655
2.9300 2.9618
2.9400 2.9589
2.9300 2.9555
2.9300 2.9525
2.9200 2.9488
2.9200 2.9450
2.9200 2.9416
2.9100 2.9383
2.9100 2.9355
2.9100 2.9321
2.9100 2.9292
2.9100 2.9267
2.9000 2.9236
2.9100 2.9209
2.8900 2.9175
2.9100 2.9152
2.8900 2.9124
2.8900 2.9101
2.8800 2.9073
2.8800 2.9049
2.8700 2.9012
2.8700 2.8980
2.8700 2.8941
2.8600 2.8901
2.8600 2.8861
2.8600 2.8828
2.8400 2.8785
2.8400 2.8740
2.8400 2.8704
2.8300 2.8660
2.8300 2.8620
2.8200 2.8575
2.8200 2.8532
2.8100 2.8488
2.8200 2.8445
2.8100 2.8409
2.8100 2.8362
2.8000 2.8322
2.8000 2.8282
2.8000 2.8248
2.8000 2.8216
2.7900 2.8184
2.7900 2.8151
2.7900 2.8118
2.7800 2.8084
2.7800 2.8048
2.7800 2.8011
2.7700 2.7978
2.7700 2.7944
2.7600 2.7904
2.7600 2.7868
2.7600 2.7833
2.7500 2.7796
2.7500 2.7760
2.7400 2.7725
2.7400 2.7684
2.7500 2.7655
2.7300 2.7615
2.7400 2.7588
2.7300 2.7557
2.7200 2.7520
2.7300 2.7489
2.7200 2.7458
2.7100 2.7421
2.7100 2.7383
2.7200 2.7356
2.7100 2.7325
2.7000 2.7286
2.6900 2.7248
2.6900 2.7207
2.6900 2.7170
2.6800 2.7128
2.6800 2.7085
2.6700 2.7045
2.6700 2.7004
2.6700 2.6968
2.6700 2.6935
2.6600 2.6892
2.6600 2.6860
2.6600 2.6823
2.6500 2.6787
2.6500 2.6759
2.6500 2.6725
2.6400 2.6690
2.6400 2.6660
2.6500 2.6637
2.6300 2.6595
2.6300 2.6558
2.6300 2.6525
2.6300 2.6497
2.6200 2.6463
2.6100 2.6423
2.6100 2.6387
2.6100 2.6351
2.6100 2.6321
2.6100 2.6292
2.6000 2.6258
2.6100 2.6232
2.6000 2.6205
2.6000 2.6179
2.5900 2.6149
2.5900 2.6124
2.5800 2.6091
2.5900 2.6064
2.5700 2.6031
2.5600 2.5991
2.5800 2.5955
2.5600 2.5916
2.5700 2.5884
2.5500 2.5841
2.5500 2.5798
2.5400 2.5754
2.5400 2.5716
2.5400 2.5680
2.5400 2.5646
2.5400 2.5615
2.5300 2.5579
2.5200 2.5544
2.5200 2.5504
2.5100 2.5461
2.5200 2.5421
2.5200 2.5390
2.5200 2.5360
2.5200 2.5340
2.5100 2.5308
2.5100 2.5287
2.5000 2.5265
2.4900 2.5221
2.4900 2.5186
2.4900 2.5145
2.4900 2.5115
2.4800 2.5079
2.4800 2.5049
2.4800 2.5019
2.4600 2.4975
2.4700 2.4935
2.4600 2.4891
2.4600 2.4853
2.4500 2.4817
2.4500 2.4784
2.4600 2.4765
2.4400 2.4729
2.4500 2.4699
2.4400 2.4664
2.4400 2.4627
2.4300 2.4591
2.4200 2.4547
2.4200 2.4508
2.4100 2.4469
2.4100 2.4427
2.4100 2.4386
2.4000 2.4339
2.4000 2.4298
2.4000 2.4257
2.4000 2.4216
2.4000 2.4191
2.3900 2.4155
2.3800 2.4120
2.3900 2.4092
2.3700 2.4058
2.3700 2.4024
2.3700 2.3982
2.3700 2.3951
2.3600 2.3906
2.3600 2.3867
2.3600 2.3828
2.3500 2.3787
2.3400 2.3745
2.3600 2.3716
2.3500 2.3689
2.3300 2.3652
2.3500 2.3628
2.3300 2.3598
2.3300 2.3568
2.3200 2.3531
2.3300 2.3498
2.3200 2.3458
2.3100 2.3418
2.3200 2.3390
2.3100 2.3350
2.3000 2.3315
2.3100 2.3287
2.3000 2.3252
2.3100 2.3225
2.2900 2.3194
2.2900 2.3161
2.2900 2.3130
2.2800 2.3097
2.2700 2.3064
2.2700 2.3016
2.2700 2.2975
2.2700 2.2945
2.2700 2.2903
2.2600 2.2869
2.2700 2.2843
2.2700 2.2823
2.2600 2.2793
2.2500 2.2763
2.2600 2.2747
2.2600 2.2725
2.2400 2.2695
2.2500 2.2677
2.2500 2.2654
2.2500 2.2633
2.2400 2.2598
2.2400 2.2575
2.2300 2.2544
2.2300 2.2511
2.2300 2.2482
2.2200 2.2454
2.2000 2.2415
2.2200 2.2387
2.2100 2.2353
2.2000 2.2313
2.1900 2.2275
2.1800 2.2225
2.1800 2.2172
2.1800 2.2125
2.1800 2.2088
2.1800 2.2048
2.1800 2.2012
2.1700 2.1984
2.1700 2.1952
2.1600 2.1915
2.1600 2.1878
2.1700 2.1850
2.1600 2.1818
2.1500 2.1787
2.1500 2.1756
2.1400 2.1716
2.1400 2.1677
2.1400 2.1648
2.1400 2.1606
2.1300 2.1564
2.1300 2.1527
2.1200 2.1492
2.1200 2.1462
2.1100 2.1426
2.1100 2.1390
2.1000 2.1347
2.1100 2.1313
2.0900 2.1267
2.1100 2.1240
2.1100 2.1215
2.0800 2.1179
2.0900 2.1149
2.0800 2.1107
2.0800 2.1069
2.0800 2.1036
2.0700 2.0999
2.0700 2.0967
2.0500 2.0924
2.0600 2.0884
2.0600 2.0843
2.0600 2.0806
2.0500 2.0766
2.0500 2.0732
2.0500 2.0700
2.0500 2.0677
2.0500 2.0654
2.0400 2.0632
2.0300 2.0597
2.0300 2.0574
2.0300 2.0537
2.0300 2.0498
2.0200 2.0471
2.0200 2.0435
2.0200 2.0405
2.0100 2.0369
2.0100 2.0333
2.0100 2.0302
2.0000 2.0265
2.0000 2.0240
1.9900 2.0205
1.9800 2.0165
1.9900 2.0131
1.9800 2.0095
1.9800 2.0060
1.9700 2.0020
1.9700 1.9981
1.9600 1.9935
1.9600 1.9894
1.9600 1.9860
1.9500 1.9821
1.9600 1.9789
1.9500 1.9754
1.9500 1.9725
1.9400 1.9691
1.9500 1.9663
1.9500 1.9639
1.9400 1.9611
1.9400 1.9583
1.9400 1.9561
1.9300 1.9531
1.9200 1.9499
1.9200 1.9471
1.9100 1.9428
1.9100 1.9389
1.9100 1.9348
1.9100 1.9315
1.9000 1.9275
1.9000 1.9244
1.9000 1.9212
1.8900 1.9175
1.8800 1.9141
1.8800 1.9101
1.8800 1.9067
1.8800 1.9035
1.8800 1.9012
1.8700 1.8977
1.8600 1.8936
1.8600 1.8899
1.8700 1.8866
1.8600 1.8827
1.8700 1.8802
1.8600 1.8778
1.8500 1.8749
1.8500 1.8726
1.8400 1.8696
1.8300 1.8656
1.8300 1.8614
1.8300 1.8575
1.8300 1.8537
1.8200 1.8495
1.8200 1.8458
1.8200 1.8427
1.8100 1.8390
1.8200 1.8361
1.8100 1.8327
1.8100 1.8296
1.8000 1.8267
1.8100 1.8251
1.8000 1.8230
1.8000 1.8203
1.7800 1.8167
1.7800 1.8123
1.7900 1.8087
1.7800 1.8051
1.7700 1.8007
1.7800 1.7976
1.7700 1.7946
1.7700 1.7915
1.7700 1.7887
1.7700 1.7860
1.7600 1.7834
1.7700 1.7814
1.7600 1.7790
1.7600 1.7773
1.7600 1.7751
1.7400 1.7720
1.7400 1.7685
1.7500 1.7663
1.7400 1.7626
1.7400 1.7594
1.7300 1.7556
1.7200 1.7524
1.7200 1.7490
1.7300 1.7456
1.7100 1.7417
1.7300 1.7397
1.7200 1.7370
1.7100 1.7344
1.7100 1.7319
1.7000 1.7290
1.7000 1.7257
1.7000 1.7229
1.6900 1.7190
1.6900 1.7156
1.6800 1.7117
1.6900 1.7083
1.6900 1.7059
1.6800 1.7030
1.6700 1.6991
1.6700 1.6955
1.6700 1.6921
1.6700 1.6893
1.6500 1.6859
1.6600 1.6833
1.6600 1.6800
1.6600 1.6779
1.6400 1.6735
1.6400 1.6696
1.6500 1.6668
1.6400 1.6632
1.6300 1.6596
1.6400 1.6570
1.6400 1.6545
1.6400 1.6525
1.6300 1.6500
1.6300 1.6483
1.6200 1.6454
1.6200 1.6420
1.6100 1.6385
1.6100 1.6355
1.6100 1.6325
1.6000 1.6288
1.6000 1.6249
1.6000 1.6224
1.5900 1.6186
1.5800 1.6141
1.5900 1.6102
1.6000 1.6083
1.6000 1.6068
1.5800 1.6039
1.5800 1.6018
1.5900 1.6009
1.5800 1.5987
1.5800 1.5964
1.5800 1.5940
1.5700 1.5915
1.5700 1.5888
1.5700 1.5865
1.5600 1.5835
1.5600 1.5809
1.5500 1.5774
1.5400 1.5730
1.5400 1.5693
1.5400 1.5657
1.5300 1.5615
1.5200 1.5572
1.5300 1.5545
1.5200 1.5507
1.5200 1.5465
1.5100 1.5420
1.5000 1.5381
1.4900 1.5336
1.5000 1.5293
1.5000 1.5255
1.4900 1.5215
1.4900 1.5175
1.4800 1.5136
1.4900 1.5103
1.4700 1.5057
1.4800 1.5023
1.4800 1.4987
1.4800 1.4959
1.4700 1.4932
1.4700 1.4906
1.4700 1.4880
1.4700 1.4857
1.4700 1.4838
1.4600 1.4807
1.4600 1.4782
1.4500 1.4748
1.4500 1.4718
1.4500 1.4692
1.4400 1.4666
1.4500 1.4639
1.4300 1.4600
1.4400 1.4573
1.4300 1.4541
1.4100 1.4502
1.4100 1.4455
1.4100 1.4421
1.4000 1.4375
1.4100 1.4336
1.4100 1.4301
1.4000 1.4268
1.4000 1.4237
1.4000 1.4208
1.4000 1.4180
1.3900 1.4145
1.3900 1.4119
1.3900 1.4092
1.3900 1.4072
1.3900 1.4053
1.3900 1.4032
1.3900 1.4015
1.3800 1.3985
1.3800 1.3964
1.3700 1.3928
1.3900 1.3909
1.3700 1.3889
1.3700 1.3869
1.3800 1.3856
1.3700 1.3845
1.3600 1.3819
1.3600 1.3793
1.3600 1.3771
1.3500 1.3742
1.3400 1.3706
1.3500 1.3677
1.3500 1.3655
1.3300 1.3622
1.3300 1.3589
1.3200 1.3549
1.3300 1.3516
1.3200 1.3477
1.3200 1.3439
1.3100 1.3405
1.3100 1.3372
1.3100 1.3345
1.3100 1.3308
1.3100 1.3285
1.3000 1.3256
1.3000 1.3221
1.2900 1.3185
1.3000 1.3163
1.2900 1.3133
1.2900 1.3102
1.2800 1.3069
1.2700 1.3036
1.2800 1.3002
1.2700 1.2960
1.2600 1.2922
1.2600 1.2884
1.2700 1.2858
1.2700 1.2828
1.2600 1.2801
1.2500 1.2769
1.2500 1.2744
1.2600 1.2723
1.2500 1.2697
1.2500 1.2673
1.2500 1.2650
1.2400 1.2626
1.2300 1.2594
1.2400 1.2573
1.2300 1.2538
1.2300 1.2506
1.2300 1.2474
1.2200 1.2442
1.2200 1.2417
1.2100 1.2381
1.2100 1.2348
1.2000 1.2315
1.2000 1.2283
1.2000 1.2245
1.2000 1.2209
1.2000 1.2181
1.1800 1.2148
1.1900 1.2121
1.1700 1.2076
1.1700 1.2035
1.1800 1.2001
1.1800 1.1968
1.1700 1.1936
1.1700 1.1914
1.1600 1.1879
1.1600 1.1849
1.1600 1.1817
1.1500 1.1778
1.1500 1.1745
1.1400 1.1705
1.1400 1.1673
1.1300 1.1632
1.1500 1.1610
1.1300 1.1575
1.1300 1.1540
1.1200 1.1500
1.1300 1.1466
1.1300 1.1445
1.1200 1.1413
1.1200 1.1394
1.1200 1.1376
1.1100 1.1347
1.1100 1.1316
1.1100 1.1291
1.1100 1.1264
1.1100 1.1242
1.1100 1.1219
1.1100 1.1199
1.1000 1.1178
1.1000 1.1156
1.0900 1.1132
1.0900 1.1106
1.0900 1.1087
1.0800 1.1049
1.0800 1.1022
1.0800 1.0995
1.0600 1.0962
1.0700 1.0927
1.0700 1.0893
1.0700 1.0865
1.0600 1.0833
1.0600 1.0804
1.0500 1.0776
1.0500 1.0749
1.0500 1.0723
1.0400 1.0690
1.0300 1.0651
1.0400 1.0618
1.0200 1.0572
1.0300 1.0536
1.0200 1.0496
1.0200 1.0460
1.0200 1.0425
1.0200 1.0391
1.0100 1.0359
1.0100 1.0328
1.0000 1.0292
1.0000 1.0266
1.0000 1.0235
0.9900 1.0199
0.9900 1.0162
0.9900 1.0129
0.9900 1.0097
0.9800 1.0064
0.9800 1.0031
0.9800 0.9997
0.9800 0.9969
0.9600 0.9935
0.9700 0.9903
0.9600 0.9875
0.9600 0.9842
0.9500 0.9807
0.9500 0.9773
0.9500 0.9738
0.9400 0.9696
0.9500 0.9666
0.9500 0.9638
0.9400 0.9612
0.9300 0.9580
0.9300 0.9548
0.9300 0.9522
0.9300 0.9496
0.9300 0.9470
0.9300 0.9445
0.9200 0.9421
0.9200 0.9396
0.9200 0.9370
0.9100 0.9335
0.9100 0.9312
0.9200 0.9287
0.9000 0.9257
0.9000 0.9228
0.9000 0.9205
0.8900 0.9175
0.8900 0.9142
0.8900 0.9115
0.8900 0.9084
0.8900 0.9053
0.8800 0.9024
0.8700 0.8995
0.8800 0.8972
0.8700 0.8944
0.8700 0.8915
0.8600 0.8880
0.8600 0.8847
0.8600 0.8819
0.8600 0.8791
0.8600 0.8764
0.8600 0.8743
0.8500 0.8716
0.8500 0.8684
0.8500 0.8663
0.8400 0.8636
0.8400 0.8609
0.8300 0.8580
0.8300 0.8551
0.8300 0.8521
0.8300 0.8491
0.8200 0.8454
0.8200 0.8422
0.8200 0.8396
0.8200 0.8365
0.8200 0.8342
0.8200 0.8321
0.8100 0.8301
0.8000 0.8275
0.8000 0.8250
0.8100 0.8229
0.7900 0.8195
0.7900 0.8160
0.7800 0.8124
0.7800 0.8085
0.7800 0.8046
0.7800 0.8013
0.7800 0.7980
0.7600 0.7943
0.7700 0.7913
0.7700 0.7885
0.7600 0.7852
0.7600 0.7826
0.7600 0.7802
0.7600 0.7777
0.7600 0.7755
0.7600 0.7734
0.7500 0.7705
0.7500 0.7681
0.7400 0.7655
0.7400 0.7626
0.7400 0.7591
0.7400 0.7567
0.7400 0.7542
0.7400 0.7524
0.7300 0.7501
0.7200 0.7471
0.7200 0.7439
0.7200 0.7405
0.7100 0.7377
0.7100 0.7345
0.7200 0.7320
0.7100 0.7296
0.7000 0.7268
0.7000 0.7240
0.7000 0.7211
0.7000 0.7181
0.6900 0.7145
0.7000 0.7124
0.6900 0.7098
0.6900 0.7079
0.6800 0.7054
0.6800 0.7027
0.6700 0.6994
0.6800 0.6964
0.6700 0.6926
0.6600 0.6890
0.6600 0.6860
0.6500 0.6823
0.6600 0.6790
0.6500 0.6758
0.6500 0.6728
0.6500 0.6693
0.6400 0.6659
0.6400 0.6632
0.6500 0.6613
0.6400 0.6588
0.6200 0.6552
0.6300 0.6526
0.6400 0.6502
0.6300 0.6476
0.6200 0.6445
0.6200 0.6419
0.6100 0.6385
0.6100 0.6355
0.6100 0.6317
0.6000 0.6279
0.6100 0.6254
0.6000 0.6223
0.6000 0.6198
0.6000 0.6171
0.5900 0.6145
0.5900 0.6115
0.5900 0.6086
0.5800 0.6059
0.5800 0.6033
0.5800 0.6000
0.5900 0.5979
0.5800 0.5965
0.5600 0.5933
0.5700 0.5900
0.5700 0.5870
0.5700 0.5845
0.5600 0.5815
0.5500 0.5786
0.5700 0.5770
0.5500 0.5741
0.5500 0.5717
0.5400 0.5683
0.5300 0.5645
0.5300 0.5605
0.5300 0.5565
0.5300 0.5532
0.5300 0.5502
0.5200 0.5465
0.5300 0.5443
0.5100 0.5410
0.5100 0.5378
0.5100 0.5340
0.5100 0.5305
0.5100 0.5286
0.5000 0.5257
0.4900 0.5223
0.5000 0.5193
0.4900 0.5160
0.5000 0.5138
0.4900 0.5099
0.4900 0.5072
0.4900 0.5045
0.4900 0.5025
0.4900 0.5012
0.4700 0.4986
0.4700 0.4959
0.4800 0.4936
0.4700 0.4906
0.4700 0.4883
0.4700 0.4854
0.4600 0.4828
0.4600 0.4803
0.4500 0.4770
0.4500 0.4737
0.4500 0.4704
0.4500 0.4676
0.4400 0.4651
0.4400 0.4622
0.4400 0.4601
0.4300 0.4566
0.4400 0.4543
0.4400 0.4522
0.4300 0.4495
0.4300 0.4470
0.4300 0.4445
0.4300 0.4432
0.4200 0.4413
0.4300 0.4393
0.4200 0.4372
0.4200 0.4350
0.4100 0.4322
0.4000 0.4291
0.4000 0.4257
0.3900 0.4222
0.4000 0.4190
0.4000 0.4160
0.4000 0.4133
0.3900 0.4107
0.3900 0.4084
0.3900 0.4061
0.3800 0.4039
0.3900 0.4017
0.3900 0.3998
0.3700 0.3974
0.3800 0.3956
0.3700 0.3933
0.3700 0.3905
0.3600 0.3876
0.3700 0.3845
0.3600 0.3812
0.3600 0.3779
0.3500 0.3747
0.3500 0.3721
0.3500 0.3695
0.3500 0.3675
0.3500 0.3651
0.3500 0.3629
0.3400 0.3604
0.3400 0.3583
0.3300 0.3556
0.3400 0.3535
0.3300 0.3513
0.3300 0.3484
0.3200 0.3449
0.3200 0.3425
0.3200 0.3395
0.3200 0.3370
0.3200 0.3345
0.3100 0.3320
0.3100 0.3290
0.3100 0.3266
0.3100 0.3244
0.3100 0.3227
0.3000 0.3206
0.2900 0.3178
0.2900 0.3150
0.2900 0.3120
0.2800 0.3083
0.2900 0.3056
0.2900 0.3031
0.2700 0.3000
0.2800 0.2970
0.2700 0.2941
0.2600 0.2904
0.2600 0.2872
0.2600 0.2841
0.2600 0.2811
0.2600 0.2784
0.2600 0.2758
0.2400 0.2726
0.2400 0.2694
0.2400 0.2660
0.2400 0.2624
0.2400 0.2588
0.2300 0.2555
0.2300 0.2528
0.2300 0.2503
0.2300 0.2477
0.2200 0.2451
0.2200 0.2418
0.2200 0.2385
0.2200 0.2363
0.2200 0.2336
0.2200 0.2318
0.2100 0.2299
0.2000 0.2273
0.2100 0.2251
0.2000 0.2222
0.2100 0.2198
0.2000 0.2168
0.1900 0.2144
0.1900 0.2119
0.2000 0.2101
0.1900 0.2075
0.1800 0.2044
0.1800 0.2018
0.1700 0.1986
0.1700 0.1954
0.1700 0.1922
0.1700 0.1896
0.1700 0.1871
0.1700 0.1848
0.1600 0.1820
0.1600 0.1794
0.1700 0.1774
0.1600 0.1753
0.1600 0.1738
0.1500 0.1715
0.1600 0.1703
0.1500 0.1677
0.1500 0.1656
0.1500 0.1640
0.1400 0.1616
0.1400 0.1585
0.1400 0.1557
0.1300 0.1529
0.1300 0.1501
0.1200 0.1472
0.1300 0.1448
0.1200 0.1421
0.1100 0.1388
0.1100 0.1356
0.1000 0.1317
0.1000 0.1285
0.1000 0.1253
0.1000 0.1216
0.0900 0.1182
0.1000 0.1155
0.0900 0.1129
0.0900 0.1099
0.0800 0.1069
0.0800 0.1039
0.0700 0.1001
0.0700 0.0969
0.0700 0.0937
0.0700 0.0905
0.0600 0.0872
0.0700 0.0845
0.0500 0.0811
0.0600 0.0776
0.0600 0.0748
0.0400 0.0713
0.0500 0.0685
0.0500 0.0664
0.0400 0.0637
0.0400 0.0611
0.0400 0.0585
0.0400 0.0565
0.0400 0.0537
0.0300 0.0510
0.0400 0.0489
0.0300 0.0467
0.0300 0.0446
0.0300 0.0430
0.0300 0.0415
0.0300 0.0400
0.0200 0.0377
0.0200 0.0360
0.0100 0.0330
0.0100 0.0309
0.0000 0.0275
0.0100 0.0245
-0.0100 0.0215
-0.0100 0.0179
0.0000 0.0149
-0.0200 0.0115
-0.0100 0.0086
-0.0100 0.0061
-0.0100 0.0037
-0.0300 0.0004
-0.0300 -0.0022
-0.0400 -0.0060
-0.0400 -0.0094
-0.0500 -0.0135
-0.0300 -0.0163
-0.0400 -0.0196
-0.0400 -0.0227
-0.0400 -0.0252
-0.0400 -0.0276
-0.0500 -0.0300
-0.0500 -0.0325
-0.0500 -0.0345
-0.0600 -0.0375
-0.0600 -0.0394
-0.0700 -0.0419
-0.0700 -0.0453
-0.0700 -0.0477
-0.0700 -0.0509
-0.0800 -0.0550
-0.0700 -0.0584
-0.0700 -0.0605
-0.0900 -0.0636
-0.0800 -0.0655
-0.0700 -0.0664
-0.0900 -0.0678
-0.0800 -0.0697
-0.0900 -0.0715
-0.1000 -0.0740
-0.1000 -0.0767
-0.1000 -0.0797
-0.1100 -0.0830
-0.1000 -0.0857
-0.1100 -0.0890
-0.1100 -0.0918
-0.1200 -0.0951
-0.1200 -0.0976
-0.1200 -0.1004
-0.1300 -0.1036
-0.1300 -0.1066
-0.1300 -0.1090
-0.1300 -0.1117
-0.1300 -0.1144
-0.1400 -0.1164
-0.1400 -0.1189
-0.1400 -0.1221
-0.1400 -0.1243
-0.1500 -0.1275
-0.1500 -0.1303
-0.1500 -0.1324
-0.1500 -0.1345
-0.1500 -0.1367
-0.1700 -0.1395
-0.1600 -0.1424
-0.1700 -0.1455
-0.1700 -0.1487
-0.1600 -0.1507
-0.1800 -0.1537
-0.1800 -0.1568
-0.1800 -0.1593
-0.1800 -0.1617
-0.1800 -0.1641
-0.1900 -0.1670
-0.1900 -0.1699
-0.1900 -0.1722
-0.2000 -0.1750
-0.1800 -0.1765
-0.2000 -0.1792
-0.2000 -0.1813
-0.2000 -0.1834
-0.2000 -0.1855
-0.2100 -0.1883
-0.2100 -0.1912
-0.2100 -0.1930
-0.2100 -0.1955
-0.2200 -0.1979
-0.2200 -0.2003
-0.2200 -0.2034
-0.2200 -0.2054
-0.2300 -0.2079
-0.2300 -0.2105
-0.2300 -0.2129
-0.2400 -0.2160
-0.2300 -0.2179
-0.2400 -0.2203
-0.2400 -0.2225
-0.2400 -0.2242
-0.2400 -0.2270
-0.2400 -0.2286
-0.2500 -0.2307
-0.2500 -0.2329
-0.2700 -0.2365
-0.2700 -0.2396
-0.2800 -0.2435
-0.2700 -0.2471
-0.2800 -0.2513
-0.2700 -0.2541
-0.2800 -0.2574
-0.2900 -0.2610
-0.2800 -0.2640
-0.2900 -0.2669
-0.2900 -0.2697
-0.3000 -0.2729
-0.2900 -0.2746
-0.3000 -0.2775
-0.3000 -0.2795
-0.3100 -0.2824
-0.3100 -0.2854
-0.3100 -0.2887
-0.3200 -0.2928
-0.3200 -0.2965
-0.3200 -0.3002
-0.3200 -0.3026
-0.3300 -0.3057
-0.3300 -0.3080
-0.3200 -0.3102
-0.3300 -0.3123
-0.3400 -0.3156
-0.3400 -0.3183
-0.3400 -0.3204
-0.3400 -0.3231
-0.3500 -0.3259
-0.3500 -0.3287
-0.3500 -0.3309
-0.3500 -0.3338
-0.3500 -0.3362
-0.3600 -0.3391
-0.3600 -0.3414
-0.3600 -0.3437
-0.3600 -0.3462
-0.3700 -0.3485
-0.3700 -0.3506
-0.3700 -0.3529
-0.3800 -0.3559
-0.3800 -0.3584
-0.3800 -0.3607
-0.3900 -0.3645
-0.3900 -0.3677
-0.4000 -0.3710
-0.4000 -0.3743
-0.4000 -0.3775
-0.4000 -0.3806
-0.4000 -0.3831
-0.4200 -0.3865
-0.4100 -0.3893
-0.4100 -0.3920
-0.4100 -0.3947
-0.4200 -0.3973
-0.4100 -0.3991
-0.4200 -0.4015
-0.4200 -0.4038
-0.4200 -0.4056
-0.4300 -0.4081
-0.4300 -0.4108
-0.4300 -0.4131
-0.4300 -0.4155
-0.4300 -0.4178
-0.4300 -0.4195
-0.4400 -0.4219
-0.4500 -0.4245
-0.4600 -0.4277
-0.4500 -0.4305
-0.4600 -0.4342
-0.4500 -0.4371
-0.4600 -0.4392
-0.4700 -0.4423
-0.4500 -0.4440
-0.4700 -0.4469
-0.4600 -0.4486
-0.4700 -0.4514
-0.4700 -0.4535
-0.4700 -0.4555
-0.4700 -0.4573
-0.4700 -0.4585
-0.4800 -0.4603
-0.4800 -0.4624
-0.4800 -0.4645
-0.4900 -0.4676
-0.4900 -0.4708
-0.4900 -0.4735
-0.5000 -0.4765
-0.5000 -0.4787
-0.5000 -0.4815
-0.5000 -0.4836
-0.5200 -0.4875
-0.5300 -0.4915
-0.5200 -0.4944
-0.5200 -0.4984
-0.5200 -0.5010
-0.5300 -0.5045
-0.5300 -0.5073
-0.5300 -0.5098
-0.5400 -0.5130
-0.5400 -0.5162
-0.5400 -0.5193
-0.5300 -0.5212
-0.5400 -0.5235
-0.5400 -0.5257
-0.5500 -0.5277
-0.5400 -0.5294
-0.5500 -0.5320
-0.5500 -0.5342
-0.5600 -0.5370
-0.5500 -0.5393
-0.5500 -0.5417
-0.5700 -0.5443
-0.5600 -0.5455
-0.5600 -0.5475
-0.5800 -0.5508
-0.5800 -0.5544
-0.5800 -0.5572
-0.5800 -0.5601
-0.5800 -0.5629
-0.5900 -0.5656
-0.5800 -0.5675
-0.5900 -0.5697
-0.5900 -0.5725
-0.5900 -0.5748
-0.5900 -0.5769
-0.6000 -0.5788
-0.6000 -0.5815
-0.6100 -0.5841
-0.6100 -0.5867
-0.6100 -0.5890
-0.6200 -0.5926
-0.6200 -0.5965
-0.6100 -0.5985
-0.6200 -0.6015
-0.6300 -0.6054
-0.6200 -0.6072
-0.6200 -0.6089
-0.6300 -0.6112
-0.6400 -0.6139
-0.6300 -0.6159
-0.6400 -0.6180
-0.6400 -0.6207
-0.6300 -0.6223
-0.6400 -0.6244
-0.6500 -0.6271
-0.6500 -0.6300
-0.6500 -0.6325
-0.6500 -0.6351
-0.6500 -0.6370
-0.6600 -0.6395
-0.6600 -0.6420
-0.6700 -0.6444
-0.6600 -0.6462
-0.6800 -0.6500
-0.6800 -0.6533
-0.6800 -0.6560
-0.6900 -0.6600
-0.6900 -0.6639
-0.6900 -0.6671
-0.7000 -0.6703
-0.7000 -0.6740
-0.6900 -0.6764
-0.7100 -0.6797
-0.7000 -0.6829
-0.7100 -0.6860
-0.7100 -0.6885
-0.7100 -0.6909
-0.7100 -0.6931
-0.7100 -0.6954
-0.7100 -0.6976
-0.7200 -0.6999
-0.7200 -0.7024
-0.7200 -0.7044
-0.7200 -0.7071
-0.7200 -0.7088
-0.7300 -0.7112
-0.7300 -0.7135
-0.7400 -0.7160
-0.7400 -0.7186
-0.7300 -0.7208
-0.7500 -0.7236
-0.7500 -0.7265
-0.7500 -0.7298
-0.7500 -0.7320
-0.7500 -0.7346
-0.7600 -0.7372
-0.7500 -0.7390
-0.7600 -0.7413
-0.7600 -0.7435
-0.7700 -0.7461
-0.7700 -0.7488
-0.7700 -0.7510
-0.7700 -0.7533
-0.7700 -0.7555
-0.7700 -0.7575
-0.7800 -0.7603
-0.7800 -0.7625
-0.7800 -0.7649
-0.7900 -0.7674
-0.7800 -0.7692
-0.7900 -0.7723
-0.7900 -0.7741
-0.8000 -0.7765
-0.8000 -0.7788
-0.8000 -0.7814
-0.8000 -0.7840
-0.8100 -0.7866
-0.8100 -0.7898
-0.8100 -0.7924
-0.8100 -0.7948
-0.8100 -0.7966
-0.8200 -0.7989
-0.8100 -0.8005
-0.8200 -0.8026
-0.8200 -0.8047
-0.8300 -0.8075
-0.8300 -0.8096
-0.8400 -0.8126
-0.8300 -0.8152
-0.8300 -0.8171
-0.8400 -0.8201
-0.8300 -0.8219
-0.8500 -0.8249
-0.8500 -0.8275
-0.8400 -0.8294
-0.8400 -0.8312
-0.8500 -0.8336
-0.8500 -0.8352
-0.8600 -0.8373
-0.8500 -0.8388
-0.8600 -0.8411
-0.8600 -0.8435
-0.8700 -0.8460
-0.8700 -0.8492
-0.8700 -0.8518
-0.8700 -0.8545
-0.8700 -0.8565
-0.8700 -0.8584
-0.8800 -0.8603
-0.8700 -0.8620
-0.8800 -0.8642
-0.8900 -0.8665
-0.8900 -0.8694
-0.8900 -0.8713
-0.8900 -0.8731
-0.8900 -0.8755
-0.8900 -0.8777
-0.9000 -0.8801
-0.9000 -0.8825
-0.9000 -0.8845
-0.9200 -0.8883
-0.9000 -0.8904
-0.9000 -0.8923
-0.9100 -0.8942
-0.9100 -0.8957
-0.9100 -0.8971
-0.9200 -0.8993
-0.9100 -0.9010
-0.9200 -0.9034
-0.9200 -0.9052
-0.9300 -0.9082
-0.9400 -0.9113
-0.9300 -0.9134
-0.9300 -0.9155
-0.9300 -0.9175
-0.9300 -0.9195
-0.9500 -0.9226
-0.9400 -0.9251
-0.9400 -0.9270
-0.9500 -0.9295
-0.9600 -0.9326
-0.9600 -0.9345
-0.9600 -0.9375
-0.9600 -0.9406
-0.9700 -0.9436
-0.9700 -0.9466
-0.9700 -0.9498
-0.9800 -0.9530
-0.9700 -0.9561
-0.9800 -0.9590
-0.9800 -0.9617
-0.9800 -0.9639
-0.9800 -0.9653
-0.9900 -0.9676
-0.9800 -0.9694
-0.9800 -0.9712
-0.9900 -0.9737
-0.9900 -0.9751
-1.0000 -0.9776
-0.9900 -0.9799
-0.9900 -0.9817
-1.0000 -0.9835
-1.0100 -0.9861
-1.0100 -0.9886
-1.0000 -0.9908
-1.0000 -0.9925
-1.0200 -0.9952
-1.0100 -0.9972
-1.0200 -0.9993
-1.0100 -1.0014
-1.0100 -1.0026
-1.0200 -1.0044
-1.0200 -1.0060
-1.0300 -1.0084
-1.0300 -1.0102
-1.0500 -1.0138
-1.0300 -1.0165
-1.0500 -1.0199
-1.0500 -1.0235
-1.0500 -1.0264
-1.0500 -1.0295
-1.0500 -1.0329
-1.0500 -1.0355
-1.0600 -1.0379
-1.0600 -1.0401
-1.0600 -1.0426
-1.0700 -1.0458
-1.0700 -1.0477
-1.0600 -1.0495
-1.0700 -1.0513
-1.0800 -1.0545
-1.0800 -1.0575
-1.0900 -1.0610
-1.0800 -1.0642
-1.0800 -1.0668
-1.0900 -1.0700
-1.0900 -1.0718
-1.0900 -1.0746
-1.0900 -1.0764
-1.1000 -1.0786
-1.1000 -1.0808
-1.0900 -1.0825
-1.0900 -1.0841
-1.1100 -1.0867
-1.1100 -1.0887
-1.1100 -1.0909
-1.1100 -1.0934
-1.1100 -1.0955
-1.1200 -1.0980
-1.1200 -1.1011
-1.1200 -1.1037
-1.1200 -1.1058
-1.1300 -1.1085
-1.1300 -1.1104
-1.1300 -1.1129
-1.1300 -1.1155
-1.1300 -1.1174
-1.1300 -1.1188
-1.1300 -1.1203
-1.1400 -1.1224
-1.1500 -1.1245
-1.1400 -1.1262
-1.1500 -1.1291
-1.1500 -1.1323
-1.1600 -1.1349
-1.1500 -1.1369
-1.1600 -1.1395
-1.1600 -1.1421
-1.1700 -1.1454
-1.1700 -1.1481
-1.1700 -1.1508
-1.1800 -1.1541
-1.1700 -1.1566
-1.1700 -1.1583
-1.1800 -1.1604
-1.1800 -1.1625
-1.1800 -1.1644
-1.1900 -1.1670
-1.1800 -1.1691
-1.2000 -1.1725
-1.1900 -1.1748
-1.1900 -1.1765
-1.1900 -1.1786
-1.2000 -1.1809
-1.2000 -1.1832
-1.2000 -1.1849
-1.2100 -1.1881
-1.2100 -1.1907
-1.2100 -1.1933
-1.2100 -1.1953
-1.2100 -1.1972
-1.2000 -1.1983
-1.2100 -1.1993
-1.2200 -1.2013
-1.2200 -1.2035
-1.2200 -1.2054
-1.2200 -1.2073
-1.2200 -1.2091
-1.2200 -1.2103
